>BATCATCATGATNTG	3-CANATCATGATGATV	10.260733	-22.609433	0	T:6.0(60.00%),B:0.0(0.00%),P:1e-9
0.150	0.331	0.271	0.248
0.677	0.173	0.075	0.075
0.001	0.248	0.075	0.676
0.248	0.583	0.094	0.075
0.751	0.075	0.173	0.001
0.075	0.248	0.001	0.676
0.181	0.495	0.323	0.001
0.634	0.346	0.001	0.019
0.001	0.075	0.075	0.849
0.075	0.008	0.767	0.150
0.924	0.074	0.001	0.001
0.001	0.150	0.334	0.515
0.247	0.323	0.181	0.248
0.331	0.075	0.019	0.575
0.150	0.075	0.583	0.192
