>GGGKTWWGGKTW	3-GGGKTWWGGKTW,BestGuess:EKLF(Zf)/Erythrocyte-Klf1-ChIP-Seq(GSE20478)/Homer(0.637)	7.476013	-21.568193	0	T:6.0(54.55%),B:2.0(1.00%),P:1e-9
0.191	0.105	0.512	0.192
0.029	0.057	0.752	0.162
0.094	0.121	0.695	0.090
0.062	0.002	0.504	0.432
0.057	0.001	0.150	0.792
0.411	0.003	0.146	0.441
0.376	0.001	0.206	0.417
0.087	0.001	0.610	0.302
0.057	0.001	0.883	0.059
0.029	0.162	0.377	0.432
0.192	0.057	0.058	0.693
0.341	0.093	0.192	0.373
