>GAGWATTKTTTTGCT	2-GAGWATTKTTTTGCT,BestGuess:PB0121.1_Foxj3_2/Jaspar(0.655)	10.161374	-31.341491	0	T:7.0(63.64%),B:0.0(0.00%),P:1e-13
0.360	0.001	0.638	0.001
0.678	0.001	0.163	0.158
0.005	0.158	0.679	0.158
0.316	0.163	0.158	0.362
0.841	0.001	0.157	0.001
0.157	0.001	0.001	0.841
0.001	0.157	0.001	0.841
0.001	0.044	0.481	0.474
0.001	0.044	0.322	0.633
0.001	0.001	0.157	0.841
0.158	0.209	0.158	0.475
0.158	0.001	0.158	0.683
0.001	0.001	0.796	0.202
0.316	0.679	0.001	0.004
0.164	0.001	0.158	0.677
