>WAMCCWWAMCCC	3-GGGKTWWGGKTW	7.476013	-21.568193	0	T:6.0(54.55%),B:2.0(1.00%),P:1e-9
0.373	0.192	0.093	0.341
0.693	0.058	0.057	0.192
0.432	0.377	0.162	0.029
0.059	0.883	0.001	0.057
0.302	0.610	0.001	0.087
0.417	0.206	0.001	0.376
0.441	0.146	0.003	0.411
0.792	0.150	0.001	0.057
0.432	0.504	0.002	0.062
0.090	0.695	0.121	0.094
0.162	0.752	0.057	0.029
0.192	0.512	0.105	0.191
