>TTTGATATCWGTGTW	1-TTTGATATCWGTGTW,BestGuess:PB0105.1_Arid3a_2/Jaspar(0.564)	8.659762	-43.731386	0	T:9.0(81.82%),B:1.3(0.67%),P:1e-18
0.001	0.001	0.001	0.997
0.001	0.231	0.231	0.537
0.001	0.231	0.001	0.767
0.001	0.231	0.537	0.231
0.478	0.001	0.289	0.231
0.001	0.231	0.001	0.767
0.767	0.231	0.001	0.001
0.001	0.231	0.231	0.537
0.001	0.752	0.001	0.246
0.536	0.001	0.001	0.462
0.231	0.231	0.537	0.001
0.231	0.001	0.305	0.463
0.001	0.001	0.997	0.001
0.231	0.001	0.231	0.537
0.520	0.001	0.016	0.463
