>KKGGGTGWGGGTKWG	4-KKGGGTGWGGGTKWG	7.260654	-15.538520	0	T:10.0(90.91%),B:34.6(17.14%),P:1e-6
0.133	0.082	0.418	0.367
0.150	0.001	0.464	0.385
0.041	0.041	0.644	0.274
0.133	0.082	0.735	0.050
0.123	0.133	0.460	0.283
0.041	0.001	0.314	0.644
0.184	0.001	0.501	0.314
0.366	0.001	0.183	0.450
0.174	0.001	0.569	0.256
0.041	0.001	0.796	0.162
0.001	0.001	0.916	0.082
0.042	0.041	0.085	0.832
0.082	0.133	0.367	0.418
0.365	0.001	0.201	0.433
0.001	0.001	0.859	0.139
