>AKTKYKSTKCTS	1-AKTKYKSTKCTS	6.966403	-37.502077	0	T:9.0(81.82%),B:2.4(1.22%),P:1e-16	Tpos:83.4,Tstd:45.6,Bpos:81.9,Bstd:19.1,StrandBias:0.3,Multiplicity:1.22
0.997	0.001	0.001	0.001
0.001	0.001	0.568	0.430
0.001	0.001	0.001	0.997
0.001	0.001	0.568	0.430
0.001	0.430	0.105	0.464
0.001	0.033	0.536	0.430
0.001	0.464	0.430	0.105
0.001	0.001	0.001	0.997
0.001	0.001	0.430	0.568
0.001	0.997	0.001	0.001
0.104	0.001	0.001	0.894
0.001	0.568	0.430	0.001
>GGGTTAGGGGTT	2-GGGTTAGGGGTT	6.149408	-37.333789	0	T:8.0(72.73%),B:1.8(0.87%),P:1e-16	Tpos:71.0,Tstd:60.6,Bpos:131.6,Bstd:9.7,StrandBias:10.0,Multiplicity:2.62
0.024	0.001	0.805	0.170
0.001	0.001	0.997	0.001
0.001	0.001	0.974	0.024
0.358	0.003	0.027	0.612
0.001	0.001	0.001	0.997
0.612	0.001	0.005	0.382
0.196	0.001	0.635	0.168
0.003	0.001	0.829	0.167
0.001	0.167	0.785	0.047
0.001	0.023	0.642	0.334
0.024	0.001	0.001	0.974
0.167	0.001	0.004	0.828
>WASKGTKWTMCT	3-WASKGTKWTMCT	7.890329	-31.341491	0	T:7.0(63.64%),B:0.5(0.26%),P:1e-13	Tpos:126.6,Tstd:37.7,Bpos:137.0,Bstd:0.0,StrandBias:1.3,Multiplicity:1.00
0.430	0.102	0.001	0.467
0.997	0.001	0.001	0.001
0.001	0.430	0.568	0.001
0.001	0.001	0.532	0.466
0.001	0.001	0.971	0.027
0.001	0.001	0.001	0.997
0.102	0.037	0.431	0.431
0.533	0.036	0.001	0.430
0.001	0.001	0.001	0.997
0.431	0.431	0.102	0.037
0.001	0.971	0.001	0.027
0.001	0.001	0.001	0.997
>TTTTAAAAATAA	4-TTTTAAAAATAA	9.318386	-21.568193	0	T:6.0(54.55%),B:3.0(1.47%),P:1e-9	Tpos:77.5,Tstd:49.8,Bpos:69.9,Bstd:35.8,StrandBias:-0.2,Multiplicity:2.17
0.001	0.001	0.001	0.997
0.379	0.001	0.001	0.619
0.379	0.001	0.001	0.619
0.001	0.001	0.379	0.619
0.895	0.001	0.001	0.103
0.997	0.001	0.001	0.001
0.895	0.103	0.001	0.001
0.997	0.001	0.001	0.001
0.997	0.001	0.001	0.001
0.217	0.001	0.001	0.781
0.619	0.001	0.379	0.001
0.997	0.001	0.001	0.001
>ATGTTCABCATG	5-ATGTTCABCATG	9.262937	-21.568193	0	T:6.0(54.55%),B:2.9(1.42%),P:1e-9	Tpos:96.1,Tstd:48.4,Bpos:100.4,Bstd:3.1,StrandBias:1.3,Multiplicity:1.17
0.698	0.300	0.001	0.001
0.060	0.001	0.001	0.938
0.300	0.001	0.698	0.001
0.001	0.001	0.001	0.997
0.001	0.327	0.001	0.671
0.300	0.698	0.001	0.001
0.671	0.027	0.001	0.301
0.001	0.301	0.301	0.397
0.001	0.671	0.327	0.001
0.698	0.001	0.001	0.300
0.001	0.001	0.370	0.628
0.001	0.001	0.997	0.001
>ARTATTYGTCTG	6-ARTATTYGTCTG	9.547261	-20.405880	0	T:5.0(45.45%),B:0.6(0.29%),P:1e-8	Tpos:90.5,Tstd:49.2,Bpos:74.7,Bstd:3.2,StrandBias:10.0,Multiplicity:2.20
0.827	0.001	0.171	0.001
0.557	0.001	0.441	0.001
0.001	0.171	0.001	0.827
0.997	0.001	0.001	0.001
0.001	0.001	0.001	0.997
0.001	0.001	0.001	0.997
0.001	0.386	0.227	0.386
0.001	0.386	0.612	0.001
0.001	0.001	0.386	0.612
0.001	0.997	0.001	0.001
0.001	0.001	0.001	0.997
0.001	0.001	0.612	0.386
>GTGTGGGTGTGG	7-GTGTGGGTGTGG	12.355432	-6.629127	0	T:2.0(18.18%),B:0.0(0.00%),P:1e-2	Tpos:96.5,Tstd:25.5,Bpos:0.0,Bstd:0.0,StrandBias:10.0,Multiplicity:7.00
0.100	0.100	0.700	0.100
0.100	0.100	0.100	0.700
0.100	0.100	0.700	0.100
0.100	0.100	0.100	0.700
0.100	0.100	0.700	0.100
0.100	0.100	0.700	0.100
0.100	0.100	0.700	0.100
0.100	0.100	0.100	0.700
0.100	0.100	0.700	0.100
0.100	0.100	0.100	0.700
0.100	0.100	0.700	0.100
0.100	0.100	0.700	0.100
