>YAGSRYRATR	1-YAGSRYRATR	9.569707	-31.341491	0	T:7.0(63.64%),B:1.6(0.79%),P:1e-13	Tpos:120.1,Tstd:41.4,Bpos:94.3,Bstd:29.7,StrandBias:10.0,Multiplicity:1.00
0.001	0.539	0.001	0.459
0.997	0.001	0.001	0.001
0.001	0.001	0.997	0.001
0.029	0.430	0.540	0.001
0.430	0.001	0.540	0.029
0.001	0.430	0.001	0.568
0.568	0.001	0.430	0.001
0.997	0.001	0.001	0.001
0.001	0.001	0.001	0.997
0.430	0.001	0.568	0.001
>TTGATCATGG	2-TTGATCATGG	7.985615	-25.705628	0	T:6.0(54.55%),B:0.0(0.00%),P:1e-11	Tpos:101.7,Tstd:44.5,Bpos:0.0,Bstd:0.0,StrandBias:10.0,Multiplicity:1.17
0.001	0.001	0.001	0.997
0.001	0.001	0.001	0.997
0.001	0.242	0.756	0.001
0.997	0.001	0.001	0.001
0.001	0.001	0.001	0.997
0.001	0.942	0.056	0.001
0.997	0.001	0.001	0.001
0.001	0.001	0.242	0.756
0.001	0.001	0.997	0.001
0.128	0.001	0.870	0.001
>TTTTTGCTGT	3-TTTTTGCTGT	9.101631	-25.705628	0	T:6.0(54.55%),B:0.0(0.00%),P:1e-11	Tpos:92.6,Tstd:54.9,Bpos:0.0,Bstd:0.0,StrandBias:10.0,Multiplicity:1.33
0.001	0.001	0.190	0.808
0.001	0.001	0.001	0.997
0.001	0.001	0.001	0.997
0.001	0.001	0.001	0.997
0.001	0.001	0.001	0.997
0.001	0.001	0.997	0.001
0.001	0.808	0.190	0.001
0.001	0.001	0.001	0.997
0.242	0.001	0.756	0.001
0.001	0.001	0.001	0.997
>CAGACAARGA	4-CAGACAARGA	7.977474	-21.690216	0	T:7.0(63.64%),B:4.3(2.16%),P:1e-9	Tpos:95.8,Tstd:46.0,Bpos:53.1,Bstd:29.6,StrandBias:-1.0,Multiplicity:1.29
0.270	0.616	0.001	0.113
0.997	0.001	0.001	0.001
0.015	0.113	0.871	0.001
0.616	0.270	0.113	0.001
0.384	0.611	0.004	0.001
0.631	0.113	0.255	0.001
0.773	0.113	0.001	0.113
0.481	0.001	0.517	0.001
0.001	0.001	0.744	0.254
0.661	0.113	0.113	0.113
>CTAGTTTTGA	5-CTAGTTTTGA	12.288841	-20.405880	0	T:5.0(45.45%),B:0.0(0.00%),P:1e-8	Tpos:138.8,Tstd:38.4,Bpos:0.0,Bstd:0.0,StrandBias:10.0,Multiplicity:1.00
0.001	0.997	0.001	0.001
0.001	0.001	0.001	0.997
0.756	0.001	0.242	0.001
0.001	0.001	0.997	0.001
0.001	0.001	0.001	0.997
0.001	0.001	0.001	0.997
0.001	0.001	0.001	0.997
0.001	0.001	0.001	0.997
0.001	0.001	0.997	0.001
0.877	0.001	0.121	0.001
>TTGGTCTGTA	6-TTGGTCTGTA	8.350283	-20.405880	0	T:5.0(45.45%),B:0.7(0.37%),P:1e-8	Tpos:84.6,Tstd:42.1,Bpos:142.6,Bstd:22.5,StrandBias:10.0,Multiplicity:1.00
0.100	0.100	0.100	0.700
0.100	0.100	0.100	0.700
0.100	0.100	0.700	0.100
0.100	0.100	0.700	0.100
0.100	0.100	0.100	0.700
0.100	0.700	0.100	0.100
0.100	0.100	0.100	0.700
0.100	0.100	0.700	0.100
0.100	0.100	0.100	0.700
0.700	0.100	0.100	0.100
>TCCTTTTTTG	7-TCCTTTTTTG	11.001271	-20.405880	0	T:5.0(45.45%),B:0.0(0.00%),P:1e-8	Tpos:110.4,Tstd:39.4,Bpos:0.0,Bstd:0.0,StrandBias:10.0,Multiplicity:1.00
0.001	0.001	0.001	0.997
0.001	0.997	0.001	0.001
0.001	0.997	0.001	0.001
0.001	0.001	0.001	0.997
0.001	0.001	0.001	0.997
0.001	0.242	0.001	0.756
0.001	0.001	0.001	0.997
0.001	0.242	0.001	0.756
0.001	0.001	0.001	0.997
0.001	0.001	0.997	0.001
>GGAATTAYCT	8-GGAATTAYCT	8.860614	-16.965152	0	T:5.0(45.45%),B:2.1(1.02%),P:1e-7	Tpos:98.6,Tstd:53.1,Bpos:124.5,Bstd:28.7,StrandBias:-0.6,Multiplicity:1.00
0.001	0.001	0.603	0.395
0.001	0.132	0.735	0.132
0.853	0.001	0.014	0.132
0.867	0.001	0.001	0.131
0.297	0.001	0.132	0.570
0.297	0.132	0.001	0.570
0.867	0.001	0.001	0.131
0.001	0.429	0.132	0.438
0.001	0.721	0.001	0.277
0.001	0.131	0.001	0.867
>GGDWTDGGWY	9-GGDWTDGGWY	4.488541	-15.442029	0	T:4.0(36.36%),B:1.0(0.50%),P:1e-6	Tpos:51.2,Tstd:55.2,Bpos:100.6,Bstd:22.0,StrandBias:10.0,Multiplicity:2.00
0.302	0.078	0.484	0.137
0.161	0.140	0.544	0.155
0.245	0.160	0.312	0.283
0.258	0.116	0.231	0.395
0.302	0.078	0.155	0.465
0.348	0.135	0.277	0.239
0.117	0.135	0.688	0.060
0.180	0.187	0.420	0.213
0.285	0.135	0.177	0.403
0.156	0.374	0.174	0.296
>ATGAATTTGA	10-ATGAATTTGA	9.503586	-14.962925	0	T:5.0(45.45%),B:3.0(1.51%),P:1e-6	Tpos:136.0,Tstd:42.0,Bpos:28.1,Bstd:27.2,StrandBias:10.0,Multiplicity:1.00
0.997	0.001	0.001	0.001
0.001	0.001	0.200	0.798
0.001	0.001	0.934	0.064
0.997	0.001	0.001	0.001
0.734	0.001	0.001	0.264
0.001	0.001	0.001	0.997
0.001	0.001	0.001	0.997
0.001	0.001	0.001	0.997
0.001	0.001	0.734	0.264
0.997	0.001	0.001	0.001
>AAWAAAAATA	11-AAWAAAAATA	12.480061	-12.697426	0	T:4.0(36.36%),B:2.3(1.15%),P:1e-5	Tpos:86.2,Tstd:41.0,Bpos:21.0,Bstd:0.0,StrandBias:-10.0,Multiplicity:1.00
0.997	0.001	0.001	0.001
0.997	0.001	0.001	0.001
0.525	0.001	0.001	0.473
0.997	0.001	0.001	0.001
0.997	0.001	0.001	0.001
0.708	0.001	0.001	0.290
0.997	0.001	0.001	0.001
0.997	0.001	0.001	0.001
0.001	0.001	0.001	0.997
0.765	0.001	0.233	0.001
>CATAAAATTT	12-CATAAAATTT	10.873028	-9.981059	0	T:4.0(36.36%),B:4.8(2.37%),P:1e-4	Tpos:32.2,Tstd:22.4,Bpos:195.0,Bstd:0.0,StrandBias:10.0,Multiplicity:1.00
0.242	0.756	0.001	0.001
0.997	0.001	0.001	0.001
0.001	0.001	0.001	0.997
0.997	0.001	0.001	0.001
0.877	0.001	0.001	0.121
0.756	0.001	0.001	0.242
0.997	0.001	0.001	0.001
0.001	0.001	0.001	0.997
0.001	0.001	0.001	0.997
0.001	0.001	0.001	0.997
>GTGTGGGTGT	13-GTGTGGGTGT	10.296193	-6.629127	0	T:2.0(18.18%),B:0.0(0.00%),P:1e-2	Tpos:91.9,Tstd:27.8,Bpos:0.0,Bstd:0.0,StrandBias:10.0,Multiplicity:9.00
0.100	0.100	0.700	0.100
0.100	0.100	0.100	0.700
0.100	0.100	0.700	0.100
0.100	0.100	0.100	0.700
0.100	0.100	0.700	0.100
0.100	0.100	0.700	0.100
0.100	0.100	0.700	0.100
0.100	0.100	0.100	0.700
0.100	0.100	0.700	0.100
0.100	0.100	0.100	0.700
>AKTKYKSTKCTS	1-AKTKYKSTKCTS	6.966403	-37.502077	0	T:9.0(81.82%),B:2.4(1.22%),P:1e-16	Tpos:83.4,Tstd:45.6,Bpos:81.9,Bstd:19.1,StrandBias:0.3,Multiplicity:1.22
0.997	0.001	0.001	0.001
0.001	0.001	0.568	0.430
0.001	0.001	0.001	0.997
0.001	0.001	0.568	0.430
0.001	0.430	0.105	0.464
0.001	0.033	0.536	0.430
0.001	0.464	0.430	0.105
0.001	0.001	0.001	0.997
0.001	0.001	0.430	0.568
0.001	0.997	0.001	0.001
0.104	0.001	0.001	0.894
0.001	0.568	0.430	0.001
>GGGTTAGGGGTT	2-GGGTTAGGGGTT	6.149408	-37.333789	0	T:8.0(72.73%),B:1.8(0.87%),P:1e-16	Tpos:71.0,Tstd:60.6,Bpos:131.6,Bstd:9.7,StrandBias:10.0,Multiplicity:2.62
0.024	0.001	0.805	0.170
0.001	0.001	0.997	0.001
0.001	0.001	0.974	0.024
0.358	0.003	0.027	0.612
0.001	0.001	0.001	0.997
0.612	0.001	0.005	0.382
0.196	0.001	0.635	0.168
0.003	0.001	0.829	0.167
0.001	0.167	0.785	0.047
0.001	0.023	0.642	0.334
0.024	0.001	0.001	0.974
0.167	0.001	0.004	0.828
>WASKGTKWTMCT	3-WASKGTKWTMCT	7.890329	-31.341491	0	T:7.0(63.64%),B:0.5(0.26%),P:1e-13	Tpos:126.6,Tstd:37.7,Bpos:137.0,Bstd:0.0,StrandBias:1.3,Multiplicity:1.00
0.430	0.102	0.001	0.467
0.997	0.001	0.001	0.001
0.001	0.430	0.568	0.001
0.001	0.001	0.532	0.466
0.001	0.001	0.971	0.027
0.001	0.001	0.001	0.997
0.102	0.037	0.431	0.431
0.533	0.036	0.001	0.430
0.001	0.001	0.001	0.997
0.431	0.431	0.102	0.037
0.001	0.971	0.001	0.027
0.001	0.001	0.001	0.997
>TTTTAAAAATAA	4-TTTTAAAAATAA	9.318386	-21.568193	0	T:6.0(54.55%),B:3.0(1.47%),P:1e-9	Tpos:77.5,Tstd:49.8,Bpos:69.9,Bstd:35.8,StrandBias:-0.2,Multiplicity:2.17
0.001	0.001	0.001	0.997
0.379	0.001	0.001	0.619
0.379	0.001	0.001	0.619
0.001	0.001	0.379	0.619
0.895	0.001	0.001	0.103
0.997	0.001	0.001	0.001
0.895	0.103	0.001	0.001
0.997	0.001	0.001	0.001
0.997	0.001	0.001	0.001
0.217	0.001	0.001	0.781
0.619	0.001	0.379	0.001
0.997	0.001	0.001	0.001
>ATGTTCABCATG	5-ATGTTCABCATG	9.262937	-21.568193	0	T:6.0(54.55%),B:2.9(1.42%),P:1e-9	Tpos:96.1,Tstd:48.4,Bpos:100.4,Bstd:3.1,StrandBias:1.3,Multiplicity:1.17
0.698	0.300	0.001	0.001
0.060	0.001	0.001	0.938
0.300	0.001	0.698	0.001
0.001	0.001	0.001	0.997
0.001	0.327	0.001	0.671
0.300	0.698	0.001	0.001
0.671	0.027	0.001	0.301
0.001	0.301	0.301	0.397
0.001	0.671	0.327	0.001
0.698	0.001	0.001	0.300
0.001	0.001	0.370	0.628
0.001	0.001	0.997	0.001
>ARTATTYGTCTG	6-ARTATTYGTCTG	9.547261	-20.405880	0	T:5.0(45.45%),B:0.6(0.29%),P:1e-8	Tpos:90.5,Tstd:49.2,Bpos:74.7,Bstd:3.2,StrandBias:10.0,Multiplicity:2.20
0.827	0.001	0.171	0.001
0.557	0.001	0.441	0.001
0.001	0.171	0.001	0.827
0.997	0.001	0.001	0.001
0.001	0.001	0.001	0.997
0.001	0.001	0.001	0.997
0.001	0.386	0.227	0.386
0.001	0.386	0.612	0.001
0.001	0.001	0.386	0.612
0.001	0.997	0.001	0.001
0.001	0.001	0.001	0.997
0.001	0.001	0.612	0.386
>GTGTGGGTGTGG	7-GTGTGGGTGTGG	12.355432	-6.629127	0	T:2.0(18.18%),B:0.0(0.00%),P:1e-2	Tpos:96.5,Tstd:25.5,Bpos:0.0,Bstd:0.0,StrandBias:10.0,Multiplicity:7.00
0.100	0.100	0.700	0.100
0.100	0.100	0.100	0.700
0.100	0.100	0.700	0.100
0.100	0.100	0.100	0.700
0.100	0.100	0.700	0.100
0.100	0.100	0.700	0.100
0.100	0.100	0.700	0.100
0.100	0.100	0.100	0.700
0.100	0.100	0.700	0.100
0.100	0.100	0.100	0.700
0.100	0.100	0.700	0.100
0.100	0.100	0.700	0.100
>SKAGTNYTGGTMTKR	1-SKAGTNYTGGTMTKR	7.793177	-31.341491	0	T:7.0(63.64%),B:0.7(0.34%),P:1e-13	Tpos:99.7,Tstd:44.4,Bpos:75.9,Bstd:35.0,StrandBias:2.2,Multiplicity:1.57
0.178	0.260	0.405	0.157
0.062	0.176	0.337	0.425
0.551	0.062	0.209	0.178
0.145	0.033	0.562	0.260
0.002	0.147	0.062	0.789
0.277	0.247	0.238	0.238
0.035	0.392	0.062	0.511
0.031	0.001	0.031	0.937
0.145	0.070	0.481	0.304
0.093	0.259	0.478	0.171
0.062	0.147	0.097	0.694
0.364	0.427	0.062	0.147
0.033	0.001	0.093	0.873
0.093	0.116	0.452	0.339
0.384	0.233	0.289	0.093
>AATTYATTTTTCAAA	2-AATTYATTTTTCAAA	7.969887	-20.405880	0	T:5.0(45.45%),B:0.5(0.27%),P:1e-8	Tpos:88.5,Tstd:54.3,Bpos:56.0,Bstd:32.5,StrandBias:-0.5,Multiplicity:2.40
0.997	0.001	0.001	0.001
0.688	0.001	0.001	0.310
0.310	0.001	0.001	0.688
0.001	0.001	0.137	0.861
0.001	0.505	0.001	0.493
0.861	0.001	0.137	0.001
0.137	0.001	0.001	0.861
0.001	0.001	0.001	0.997
0.001	0.001	0.001	0.997
0.001	0.001	0.001	0.997
0.001	0.001	0.001	0.997
0.355	0.506	0.001	0.138
0.816	0.001	0.001	0.182
0.816	0.001	0.001	0.182
0.997	0.001	0.001	0.001
>KKGGGTGWGGGTKWG	3-KKGGGTGWGGGTKWG	7.260654	-15.538520	0	T:10.0(90.91%),B:34.4(17.09%),P:1e-6	Tpos:81.8,Tstd:44.2,Bpos:134.5,Bstd:79.3,StrandBias:5.4,Multiplicity:1.60
0.133	0.082	0.418	0.367
0.150	0.001	0.464	0.385
0.041	0.041	0.644	0.274
0.133	0.082	0.735	0.050
0.123	0.133	0.460	0.283
0.041	0.001	0.314	0.644
0.184	0.001	0.501	0.314
0.366	0.001	0.183	0.450
0.174	0.001	0.569	0.256
0.041	0.001	0.796	0.162
0.001	0.001	0.916	0.082
0.042	0.041	0.085	0.832
0.082	0.133	0.367	0.418
0.365	0.001	0.201	0.433
0.001	0.001	0.859	0.139
>TGTGTGTGGGTGTGG	4-TGTGTGTGGGTGTGG	19.870777	-6.629127	0	T:2.0(18.18%),B:0.0(0.00%),P:1e-2	Tpos:68.0,Tstd:16.3,Bpos:0.0,Bstd:0.0,StrandBias:10.0,Multiplicity:2.00
0.001	0.001	0.414	0.584
0.001	0.001	0.997	0.001
0.001	0.001	0.291	0.707
0.001	0.001	0.997	0.001
0.001	0.001	0.001	0.997
0.001	0.001	0.997	0.001
0.001	0.001	0.001	0.997
0.001	0.001	0.997	0.001
0.001	0.001	0.997	0.001
0.001	0.001	0.997	0.001
0.001	0.001	0.001	0.997
0.001	0.001	0.997	0.001
0.001	0.001	0.001	0.997
0.001	0.001	0.997	0.001
0.001	0.001	0.997	0.001
>TGAAAAATGAATTTG	5-TGAAAAATGAATTTG	5.714740	-0.545846	0	T:7.0(63.64%),B:124.6(61.94%),P:1e0	Tpos:78.6,Tstd:68.0,Bpos:95.5,Bstd:112.7,StrandBias:-0.4,Multiplicity:1.00
0.100	0.100	0.100	0.700
0.100	0.100	0.700	0.100
0.700	0.100	0.100	0.100
0.700	0.100	0.100	0.100
0.700	0.100	0.100	0.100
0.700	0.100	0.100	0.100
0.700	0.100	0.100	0.100
0.100	0.100	0.100	0.700
0.100	0.100	0.700	0.100
0.700	0.100	0.100	0.100
0.700	0.100	0.100	0.100
0.100	0.100	0.100	0.700
0.100	0.100	0.100	0.700
0.100	0.100	0.100	0.700
0.100	0.100	0.700	0.100
>AAAACCAG	1-AAAACCAG	7.847734	-20.405880	0	T:5.0(45.45%),B:0.8(0.42%),P:1e-8	Tpos:126.7,Tstd:44.7,Bpos:85.9,Bstd:24.8,StrandBias:-10.0,Multiplicity:1.80
0.577	0.141	0.141	0.141
0.858	0.001	0.001	0.140
0.717	0.281	0.001	0.001
0.713	0.001	0.285	0.001
0.144	0.745	0.001	0.110
0.140	0.855	0.001	0.004
0.997	0.001	0.001	0.001
0.141	0.110	0.608	0.141
>CTGATACC	2-CTGATACC	6.482876	-20.405880	0	T:5.0(45.45%),B:1.6(0.77%),P:1e-8	Tpos:137.7,Tstd:42.6,Bpos:93.0,Bstd:38.6,StrandBias:-10.0,Multiplicity:1.40
0.056	0.942	0.001	0.001
0.001	0.007	0.001	0.991
0.264	0.001	0.734	0.001
0.942	0.001	0.001	0.056
0.001	0.200	0.001	0.798
0.992	0.006	0.001	0.001
0.001	0.940	0.001	0.058
0.001	0.936	0.001	0.062
>CAGACCAA	3-CAGACCAA	10.151891	-20.405880	0	T:5.0(45.45%),B:0.9(0.44%),P:1e-8	Tpos:82.6,Tstd:42.1,Bpos:142.5,Bstd:19.2,StrandBias:-10.0,Multiplicity:1.00
0.001	0.997	0.001	0.001
0.997	0.001	0.001	0.001
0.001	0.001	0.997	0.001
0.615	0.383	0.001	0.001
0.117	0.881	0.001	0.001
0.265	0.733	0.001	0.001
0.997	0.001	0.001	0.001
0.997	0.001	0.001	0.001
>AGAAGGAC	4-AGAAGGAC	8.236954	-15.442029	0	T:4.0(36.36%),B:0.5(0.23%),P:1e-6	Tpos:100.2,Tstd:41.0,Bpos:180.0,Bstd:0.0,StrandBias:-10.0,Multiplicity:1.00
0.700	0.100	0.100	0.100
0.100	0.100	0.700	0.100
0.700	0.100	0.100	0.100
0.700	0.100	0.100	0.100
0.100	0.100	0.700	0.100
0.100	0.100	0.700	0.100
0.700	0.100	0.100	0.100
0.100	0.700	0.100	0.100
>CTATAATA	5-CTATAATA	8.236954	-15.442029	0	T:4.0(36.36%),B:1.0(0.51%),P:1e-6	Tpos:91.2,Tstd:41.0,Bpos:86.8,Bstd:34.6,StrandBias:-10.0,Multiplicity:1.00
0.100	0.700	0.100	0.100
0.100	0.100	0.100	0.700
0.700	0.100	0.100	0.100
0.100	0.100	0.100	0.700
0.700	0.100	0.100	0.100
0.700	0.100	0.100	0.100
0.100	0.100	0.100	0.700
0.700	0.100	0.100	0.100
>AATAAATT	6-AATAAATT	8.236954	-15.442029	0	T:4.0(36.36%),B:0.7(0.35%),P:1e-6	Tpos:81.2,Tstd:41.0,Bpos:94.0,Bstd:18.9,StrandBias:-10.0,Multiplicity:1.00
0.700	0.100	0.100	0.100
0.700	0.100	0.100	0.100
0.100	0.100	0.100	0.700
0.700	0.100	0.100	0.100
0.700	0.100	0.100	0.100
0.700	0.100	0.100	0.100
0.100	0.100	0.100	0.700
0.100	0.100	0.100	0.700
>HTTTTGCT	7-HTTTTGCT	7.604808	-13.101762	0	T:7.0(63.64%),B:14.0(6.98%),P:1e-5	Tpos:68.8,Tstd:43.1,Bpos:137.9,Bstd:73.7,StrandBias:1.8,Multiplicity:1.29
0.373	0.230	0.115	0.282
0.001	0.001	0.001	0.997
0.001	0.114	0.001	0.884
0.001	0.115	0.229	0.655
0.001	0.001	0.257	0.741
0.115	0.245	0.639	0.001
0.001	0.997	0.001	0.001
0.129	0.001	0.001	0.869
>GTTCATCA	8-GTTCATCA	8.236954	-12.697426	0	T:4.0(36.36%),B:2.3(1.16%),P:1e-5	Tpos:88.0,Tstd:23.0,Bpos:188.0,Bstd:0.0,StrandBias:10.0,Multiplicity:1.00
0.100	0.100	0.700	0.100
0.100	0.100	0.100	0.700
0.100	0.100	0.100	0.700
0.100	0.700	0.100	0.100
0.700	0.100	0.100	0.100
0.100	0.100	0.100	0.700
0.100	0.700	0.100	0.100
0.700	0.100	0.100	0.100
>ATAATATT	9-ATAATATT	9.458708	-10.833850	0	T:3.0(27.27%),B:1.5(0.75%),P:1e-4	Tpos:39.3,Tstd:21.6,Bpos:119.9,Bstd:22.0,StrandBias:10.0,Multiplicity:1.00
0.938	0.029	0.001	0.032
0.022	0.001	0.001	0.976
0.681	0.001	0.286	0.032
0.658	0.001	0.001	0.340
0.023	0.001	0.280	0.696
0.997	0.001	0.001	0.001
0.005	0.001	0.001	0.993
0.302	0.001	0.005	0.692
>ATTTGAAA	10-ATTTGAAA	9.858661	-10.827729	0	T:5.0(45.45%),B:7.0(3.50%),P:1e-4	Tpos:123.2,Tstd:63.7,Bpos:41.9,Bstd:34.0,StrandBias:2.0,Multiplicity:1.00
0.997	0.001	0.001	0.001
0.001	0.001	0.001	0.997
0.001	0.001	0.001	0.997
0.001	0.001	0.001	0.997
0.001	0.001	0.997	0.001
0.997	0.001	0.001	0.001
0.700	0.298	0.001	0.001
0.997	0.001	0.001	0.001
>AAAAATGA	11-AAAAATGA	8.236954	-9.981059	0	T:4.0(36.36%),B:4.9(2.45%),P:1e-4	Tpos:146.4,Tstd:39.1,Bpos:156.3,Bstd:75.3,StrandBias:0.4,Multiplicity:1.75
0.700	0.100	0.100	0.100
0.700	0.100	0.100	0.100
0.700	0.100	0.100	0.100
0.700	0.100	0.100	0.100
0.700	0.100	0.100	0.100
0.100	0.100	0.100	0.700
0.100	0.100	0.700	0.100
0.700	0.100	0.100	0.100
>GGGTTAGG	12-GGGTTAGG	8.236954	-6.629127	0	T:2.0(18.18%),B:0.0(0.00%),P:1e-2	Tpos:24.3,Tstd:14.3,Bpos:0.0,Bstd:0.0,StrandBias:10.0,Multiplicity:5.50
0.100	0.100	0.700	0.100
0.100	0.100	0.700	0.100
0.100	0.100	0.700	0.100
0.100	0.100	0.100	0.700
0.100	0.100	0.100	0.700
0.700	0.100	0.100	0.100
0.100	0.100	0.700	0.100
0.100	0.100	0.700	0.100
>CACCCACA	13-CACCCACA	8.236954	-5.272681	0	T:2.0(18.18%),B:2.3(1.15%),P:1e-2	Tpos:90.9,Tstd:27.8,Bpos:166.0,Bstd:0.0,StrandBias:-10.0,Multiplicity:9.00
0.100	0.700	0.100	0.100
0.700	0.100	0.100	0.100
0.100	0.700	0.100	0.100
0.100	0.700	0.100	0.100
0.100	0.700	0.100	0.100
0.700	0.100	0.100	0.100
0.100	0.700	0.100	0.100
0.700	0.100	0.100	0.100
