>YAGSRYRATR	1-YAGSRYRATR	9.569707	-31.341491	0	T:7.0(63.64%),B:1.6(0.79%),P:1e-13	Tpos:120.1,Tstd:41.4,Bpos:94.3,Bstd:29.7,StrandBias:10.0,Multiplicity:1.00
0.001	0.539	0.001	0.459
0.997	0.001	0.001	0.001
0.001	0.001	0.997	0.001
0.029	0.430	0.540	0.001
0.430	0.001	0.540	0.029
0.001	0.430	0.001	0.568
0.568	0.001	0.430	0.001
0.997	0.001	0.001	0.001
0.001	0.001	0.001	0.997
0.430	0.001	0.568	0.001
>TTGATCATGG	2-TTGATCATGG	7.985615	-25.705628	0	T:6.0(54.55%),B:0.0(0.00%),P:1e-11	Tpos:101.7,Tstd:44.5,Bpos:0.0,Bstd:0.0,StrandBias:10.0,Multiplicity:1.17
0.001	0.001	0.001	0.997
0.001	0.001	0.001	0.997
0.001	0.242	0.756	0.001
0.997	0.001	0.001	0.001
0.001	0.001	0.001	0.997
0.001	0.942	0.056	0.001
0.997	0.001	0.001	0.001
0.001	0.001	0.242	0.756
0.001	0.001	0.997	0.001
0.128	0.001	0.870	0.001
>TTTTTGCTGT	3-TTTTTGCTGT	9.101631	-25.705628	0	T:6.0(54.55%),B:0.0(0.00%),P:1e-11	Tpos:92.6,Tstd:54.9,Bpos:0.0,Bstd:0.0,StrandBias:10.0,Multiplicity:1.33
0.001	0.001	0.190	0.808
0.001	0.001	0.001	0.997
0.001	0.001	0.001	0.997
0.001	0.001	0.001	0.997
0.001	0.001	0.001	0.997
0.001	0.001	0.997	0.001
0.001	0.808	0.190	0.001
0.001	0.001	0.001	0.997
0.242	0.001	0.756	0.001
0.001	0.001	0.001	0.997
>CAGACAARGA	4-CAGACAARGA	7.977474	-21.690216	0	T:7.0(63.64%),B:4.3(2.16%),P:1e-9	Tpos:95.8,Tstd:46.0,Bpos:53.1,Bstd:29.6,StrandBias:-1.0,Multiplicity:1.29
0.270	0.616	0.001	0.113
0.997	0.001	0.001	0.001
0.015	0.113	0.871	0.001
0.616	0.270	0.113	0.001
0.384	0.611	0.004	0.001
0.631	0.113	0.255	0.001
0.773	0.113	0.001	0.113
0.481	0.001	0.517	0.001
0.001	0.001	0.744	0.254
0.661	0.113	0.113	0.113
>CTAGTTTTGA	5-CTAGTTTTGA	12.288841	-20.405880	0	T:5.0(45.45%),B:0.0(0.00%),P:1e-8	Tpos:138.8,Tstd:38.4,Bpos:0.0,Bstd:0.0,StrandBias:10.0,Multiplicity:1.00
0.001	0.997	0.001	0.001
0.001	0.001	0.001	0.997
0.756	0.001	0.242	0.001
0.001	0.001	0.997	0.001
0.001	0.001	0.001	0.997
0.001	0.001	0.001	0.997
0.001	0.001	0.001	0.997
0.001	0.001	0.001	0.997
0.001	0.001	0.997	0.001
0.877	0.001	0.121	0.001
>TTGGTCTGTA	6-TTGGTCTGTA	8.350283	-20.405880	0	T:5.0(45.45%),B:0.7(0.37%),P:1e-8	Tpos:84.6,Tstd:42.1,Bpos:142.6,Bstd:22.5,StrandBias:10.0,Multiplicity:1.00
0.100	0.100	0.100	0.700
0.100	0.100	0.100	0.700
0.100	0.100	0.700	0.100
0.100	0.100	0.700	0.100
0.100	0.100	0.100	0.700
0.100	0.700	0.100	0.100
0.100	0.100	0.100	0.700
0.100	0.100	0.700	0.100
0.100	0.100	0.100	0.700
0.700	0.100	0.100	0.100
>TCCTTTTTTG	7-TCCTTTTTTG	11.001271	-20.405880	0	T:5.0(45.45%),B:0.0(0.00%),P:1e-8	Tpos:110.4,Tstd:39.4,Bpos:0.0,Bstd:0.0,StrandBias:10.0,Multiplicity:1.00
0.001	0.001	0.001	0.997
0.001	0.997	0.001	0.001
0.001	0.997	0.001	0.001
0.001	0.001	0.001	0.997
0.001	0.001	0.001	0.997
0.001	0.242	0.001	0.756
0.001	0.001	0.001	0.997
0.001	0.242	0.001	0.756
0.001	0.001	0.001	0.997
0.001	0.001	0.997	0.001
>GGAATTAYCT	8-GGAATTAYCT	8.860614	-16.965152	0	T:5.0(45.45%),B:2.1(1.02%),P:1e-7	Tpos:98.6,Tstd:53.1,Bpos:124.5,Bstd:28.7,StrandBias:-0.6,Multiplicity:1.00
0.001	0.001	0.603	0.395
0.001	0.132	0.735	0.132
0.853	0.001	0.014	0.132
0.867	0.001	0.001	0.131
0.297	0.001	0.132	0.570
0.297	0.132	0.001	0.570
0.867	0.001	0.001	0.131
0.001	0.429	0.132	0.438
0.001	0.721	0.001	0.277
0.001	0.131	0.001	0.867
>GGDWTDGGWY	9-GGDWTDGGWY	4.488541	-15.442029	0	T:4.0(36.36%),B:1.0(0.50%),P:1e-6	Tpos:51.2,Tstd:55.2,Bpos:100.6,Bstd:22.0,StrandBias:10.0,Multiplicity:2.00
0.302	0.078	0.484	0.137
0.161	0.140	0.544	0.155
0.245	0.160	0.312	0.283
0.258	0.116	0.231	0.395
0.302	0.078	0.155	0.465
0.348	0.135	0.277	0.239
0.117	0.135	0.688	0.060
0.180	0.187	0.420	0.213
0.285	0.135	0.177	0.403
0.156	0.374	0.174	0.296
>ATGAATTTGA	10-ATGAATTTGA	9.503586	-14.962925	0	T:5.0(45.45%),B:3.0(1.51%),P:1e-6	Tpos:136.0,Tstd:42.0,Bpos:28.1,Bstd:27.2,StrandBias:10.0,Multiplicity:1.00
0.997	0.001	0.001	0.001
0.001	0.001	0.200	0.798
0.001	0.001	0.934	0.064
0.997	0.001	0.001	0.001
0.734	0.001	0.001	0.264
0.001	0.001	0.001	0.997
0.001	0.001	0.001	0.997
0.001	0.001	0.001	0.997
0.001	0.001	0.734	0.264
0.997	0.001	0.001	0.001
>AAWAAAAATA	11-AAWAAAAATA	12.480061	-12.697426	0	T:4.0(36.36%),B:2.3(1.15%),P:1e-5	Tpos:86.2,Tstd:41.0,Bpos:21.0,Bstd:0.0,StrandBias:-10.0,Multiplicity:1.00
0.997	0.001	0.001	0.001
0.997	0.001	0.001	0.001
0.525	0.001	0.001	0.473
0.997	0.001	0.001	0.001
0.997	0.001	0.001	0.001
0.708	0.001	0.001	0.290
0.997	0.001	0.001	0.001
0.997	0.001	0.001	0.001
0.001	0.001	0.001	0.997
0.765	0.001	0.233	0.001
>CATAAAATTT	12-CATAAAATTT	10.873028	-9.981059	0	T:4.0(36.36%),B:4.8(2.37%),P:1e-4	Tpos:32.2,Tstd:22.4,Bpos:195.0,Bstd:0.0,StrandBias:10.0,Multiplicity:1.00
0.242	0.756	0.001	0.001
0.997	0.001	0.001	0.001
0.001	0.001	0.001	0.997
0.997	0.001	0.001	0.001
0.877	0.001	0.001	0.121
0.756	0.001	0.001	0.242
0.997	0.001	0.001	0.001
0.001	0.001	0.001	0.997
0.001	0.001	0.001	0.997
0.001	0.001	0.001	0.997
>GTGTGGGTGT	13-GTGTGGGTGT	10.296193	-6.629127	0	T:2.0(18.18%),B:0.0(0.00%),P:1e-2	Tpos:91.9,Tstd:27.8,Bpos:0.0,Bstd:0.0,StrandBias:10.0,Multiplicity:9.00
0.100	0.100	0.700	0.100
0.100	0.100	0.100	0.700
0.100	0.100	0.700	0.100
0.100	0.100	0.100	0.700
0.100	0.100	0.700	0.100
0.100	0.100	0.700	0.100
0.100	0.100	0.700	0.100
0.100	0.100	0.100	0.700
0.100	0.100	0.700	0.100
0.100	0.100	0.100	0.700
