>SKAGTNYTGGTMTKR	1-SKAGTNYTGGTMTKR	7.793177	-31.341491	0	T:7.0(63.64%),B:0.7(0.34%),P:1e-13	Tpos:99.7,Tstd:44.4,Bpos:75.9,Bstd:35.0,StrandBias:2.2,Multiplicity:1.57
0.178	0.260	0.405	0.157
0.062	0.176	0.337	0.425
0.551	0.062	0.209	0.178
0.145	0.033	0.562	0.260
0.002	0.147	0.062	0.789
0.277	0.247	0.238	0.238
0.035	0.392	0.062	0.511
0.031	0.001	0.031	0.937
0.145	0.070	0.481	0.304
0.093	0.259	0.478	0.171
0.062	0.147	0.097	0.694
0.364	0.427	0.062	0.147
0.033	0.001	0.093	0.873
0.093	0.116	0.452	0.339
0.384	0.233	0.289	0.093
>AATTYATTTTTCAAA	2-AATTYATTTTTCAAA	7.969887	-20.405880	0	T:5.0(45.45%),B:0.5(0.27%),P:1e-8	Tpos:88.5,Tstd:54.3,Bpos:56.0,Bstd:32.5,StrandBias:-0.5,Multiplicity:2.40
0.997	0.001	0.001	0.001
0.688	0.001	0.001	0.310
0.310	0.001	0.001	0.688
0.001	0.001	0.137	0.861
0.001	0.505	0.001	0.493
0.861	0.001	0.137	0.001
0.137	0.001	0.001	0.861
0.001	0.001	0.001	0.997
0.001	0.001	0.001	0.997
0.001	0.001	0.001	0.997
0.001	0.001	0.001	0.997
0.355	0.506	0.001	0.138
0.816	0.001	0.001	0.182
0.816	0.001	0.001	0.182
0.997	0.001	0.001	0.001
>KKGGGTGWGGGTKWG	3-KKGGGTGWGGGTKWG	7.260654	-15.538520	0	T:10.0(90.91%),B:34.4(17.09%),P:1e-6	Tpos:81.8,Tstd:44.2,Bpos:134.5,Bstd:79.3,StrandBias:5.4,Multiplicity:1.60
0.133	0.082	0.418	0.367
0.150	0.001	0.464	0.385
0.041	0.041	0.644	0.274
0.133	0.082	0.735	0.050
0.123	0.133	0.460	0.283
0.041	0.001	0.314	0.644
0.184	0.001	0.501	0.314
0.366	0.001	0.183	0.450
0.174	0.001	0.569	0.256
0.041	0.001	0.796	0.162
0.001	0.001	0.916	0.082
0.042	0.041	0.085	0.832
0.082	0.133	0.367	0.418
0.365	0.001	0.201	0.433
0.001	0.001	0.859	0.139
>TGTGTGTGGGTGTGG	4-TGTGTGTGGGTGTGG	19.870777	-6.629127	0	T:2.0(18.18%),B:0.0(0.00%),P:1e-2	Tpos:68.0,Tstd:16.3,Bpos:0.0,Bstd:0.0,StrandBias:10.0,Multiplicity:2.00
0.001	0.001	0.414	0.584
0.001	0.001	0.997	0.001
0.001	0.001	0.291	0.707
0.001	0.001	0.997	0.001
0.001	0.001	0.001	0.997
0.001	0.001	0.997	0.001
0.001	0.001	0.001	0.997
0.001	0.001	0.997	0.001
0.001	0.001	0.997	0.001
0.001	0.001	0.997	0.001
0.001	0.001	0.001	0.997
0.001	0.001	0.997	0.001
0.001	0.001	0.001	0.997
0.001	0.001	0.997	0.001
0.001	0.001	0.997	0.001
>TGAAAAATGAATTTG	5-TGAAAAATGAATTTG	5.714740	-0.545846	0	T:7.0(63.64%),B:124.6(61.94%),P:1e0	Tpos:78.6,Tstd:68.0,Bpos:95.5,Bstd:112.7,StrandBias:-0.4,Multiplicity:1.00
0.100	0.100	0.100	0.700
0.100	0.100	0.700	0.100
0.700	0.100	0.100	0.100
0.700	0.100	0.100	0.100
0.700	0.100	0.100	0.100
0.700	0.100	0.100	0.100
0.700	0.100	0.100	0.100
0.100	0.100	0.100	0.700
0.100	0.100	0.700	0.100
0.700	0.100	0.100	0.100
0.700	0.100	0.100	0.100
0.100	0.100	0.100	0.700
0.100	0.100	0.100	0.700
0.100	0.100	0.100	0.700
0.100	0.100	0.700	0.100
