>TCAVCACTGTCA	1-TCAVCACTGTCA	9.785373	-33.442023	0	T:8.0(80.00%),B:0.0(0.00%),P:1e-14	Tpos:107.0,Tstd:44.0,Bpos:0.0,Bstd:0.0,StrandBias:0.0,Multiplicity:1.00
0.168	0.001	0.277	0.554
0.276	0.722	0.001	0.001
0.711	0.287	0.001	0.001
0.277	0.300	0.397	0.026
0.001	0.722	0.001	0.276
0.997	0.001	0.001	0.001
0.001	0.997	0.001	0.001
0.001	0.396	0.001	0.602
0.277	0.277	0.445	0.001
0.001	0.001	0.001	0.997
0.001	0.602	0.396	0.001
0.879	0.001	0.001	0.119
>TTGTGTTCACTG	2-TTGTGTTCACTG	8.675057	-33.442023	0	T:8.0(80.00%),B:0.0(0.00%),P:1e-14	Tpos:95.8,Tstd:55.9,Bpos:0.0,Bstd:0.0,StrandBias:10.0,Multiplicity:1.00
0.268	0.001	0.001	0.730
0.001	0.001	0.001	0.997
0.001	0.269	0.621	0.109
0.001	0.001	0.001	0.997
0.001	0.001	0.997	0.001
0.001	0.001	0.001	0.997
0.109	0.269	0.001	0.621
0.001	0.621	0.109	0.269
0.997	0.001	0.001	0.001
0.377	0.621	0.001	0.001
0.001	0.001	0.001	0.997
0.001	0.001	0.997	0.001
>ATBDGTCAGGCT	3-ATBDGTCAGGCT	10.595615	-27.815332	0	T:7.0(70.00%),B:1.1(1.05%),P:1e-12	Tpos:109.6,Tstd:56.8,Bpos:107.0,Bstd:0.0,StrandBias:10.0,Multiplicity:1.00
0.669	0.001	0.329	0.001
0.001	0.001	0.198	0.800
0.100	0.330	0.231	0.340
0.330	0.100	0.340	0.231
0.099	0.001	0.899	0.001
0.230	0.099	0.001	0.670
0.099	0.801	0.099	0.001
0.997	0.001	0.001	0.001
0.199	0.099	0.701	0.001
0.100	0.100	0.700	0.100
0.001	0.899	0.099	0.001
0.339	0.001	0.099	0.561
>GCCTGCATGCKG	4-GCCTGCATGCKG	10.187462	-17.780195	0	T:5.0(50.00%),B:0.0(0.00%),P:1e-7	Tpos:84.4,Tstd:47.9,Bpos:0.0,Bstd:0.0,StrandBias:0.4,Multiplicity:1.40
0.001	0.129	0.869	0.001
0.001	0.828	0.170	0.001
0.129	0.869	0.001	0.001
0.131	0.167	0.262	0.440
0.299	0.001	0.699	0.001
0.001	0.961	0.037	0.001
0.471	0.130	0.259	0.141
0.038	0.004	0.400	0.558
0.001	0.001	0.997	0.001
0.337	0.533	0.129	0.001
0.049	0.133	0.389	0.429
0.130	0.001	0.739	0.130
>AGAGGGCCCTGC	5-AGAGGGCCCTGC	10.409522	-13.314586	0	T:4.0(40.00%),B:0.0(0.00%),P:1e-5	Tpos:122.7,Tstd:55.9,Bpos:0.0,Bstd:0.0,StrandBias:10.0,Multiplicity:2.25
0.700	0.100	0.100	0.100
0.100	0.100	0.700	0.100
0.700	0.100	0.100	0.100
0.100	0.100	0.700	0.100
0.100	0.100	0.700	0.100
0.100	0.100	0.700	0.100
0.100	0.700	0.100	0.100
0.100	0.700	0.100	0.100
0.100	0.700	0.100	0.100
0.100	0.100	0.100	0.700
0.100	0.100	0.700	0.100
0.100	0.700	0.100	0.100
>GAARAMAACAMS	6-GAARAMAACAMS	7.350141	-13.314586	0	T:4.0(40.00%),B:1.7(1.60%),P:1e-5	Tpos:89.8,Tstd:52.1,Bpos:114.7,Bstd:27.4,StrandBias:10.0,Multiplicity:2.25
0.080	0.001	0.918	0.001
0.930	0.068	0.001	0.001
0.997	0.001	0.001	0.001
0.459	0.001	0.539	0.001
0.929	0.069	0.001	0.001
0.459	0.530	0.010	0.001
0.997	0.001	0.001	0.001
0.930	0.001	0.068	0.001
0.001	0.930	0.068	0.001
0.997	0.001	0.001	0.001
0.539	0.459	0.001	0.001
0.001	0.459	0.539	0.001
>CSTGCKGCCACT	7-CSTGCKGCCACT	9.480478	-7.195373	0	T:3.0(30.00%),B:2.8(2.62%),P:1e-3	Tpos:112.8,Tstd:42.9,Bpos:103.0,Bstd:0.0,StrandBias:1.0,Multiplicity:2.00
0.001	0.545	0.227	0.227
0.001	0.453	0.545	0.001
0.227	0.001	0.227	0.545
0.226	0.001	0.772	0.001
0.226	0.772	0.001	0.001
0.001	0.046	0.453	0.500
0.001	0.226	0.772	0.001
0.227	0.545	0.227	0.001
0.001	0.997	0.001	0.001
0.772	0.001	0.001	0.226
0.001	0.997	0.001	0.001
0.227	0.227	0.001	0.545
