>CTCTTGCTTGCAGTA	1-CTCTTGCTTGCAGTA	2.673840	-33.442023	0	T:8.0(80.00%),B:0.0(0.00%),P:1e-14	Tpos:101.0,Tstd:47.0,Bpos:0.0,Bstd:0.0,StrandBias:0.0,Multiplicity:1.25
0.001	0.710	0.087	0.202
0.001	0.001	0.288	0.710
0.001	0.997	0.001	0.001
0.001	0.001	0.087	0.911
0.001	0.001	0.001	0.997
0.001	0.001	0.997	0.001
0.001	0.797	0.001	0.201
0.001	0.001	0.001	0.997
0.001	0.001	0.288	0.710
0.001	0.087	0.911	0.001
0.001	0.997	0.001	0.001
0.797	0.001	0.001	0.201
0.001	0.087	0.710	0.202
0.001	0.001	0.001	0.997
0.997	0.001	0.001	0.001
>GTKTGTCAGGCTTTY	2-GTKTGTCAGGCTTTY	9.953935	-22.609433	0	T:6.0(60.00%),B:0.5(0.47%),P:1e-9	Tpos:84.3,Tstd:54.3,Bpos:127.1,Bstd:0.5,StrandBias:1.8,Multiplicity:1.50
0.297	0.001	0.701	0.001
0.212	0.001	0.212	0.575
0.001	0.001	0.489	0.509
0.212	0.001	0.298	0.490
0.001	0.211	0.787	0.001
0.001	0.211	0.001	0.787
0.001	0.997	0.001	0.001
0.997	0.001	0.001	0.001
0.211	0.001	0.787	0.001
0.001	0.001	0.997	0.001
0.211	0.787	0.001	0.001
0.297	0.001	0.001	0.701
0.001	0.001	0.001	0.997
0.001	0.001	0.211	0.787
0.001	0.489	0.001	0.509
>CANATCATGATGATV	3-CANATCATGATGATV	10.260733	-22.609433	0	T:6.0(60.00%),B:0.0(0.00%),P:1e-9	Tpos:102.7,Tstd:48.0,Bpos:0.0,Bstd:0.0,StrandBias:0.0,Multiplicity:1.00
0.192	0.583	0.075	0.150
0.575	0.019	0.075	0.331
0.248	0.181	0.323	0.247
0.515	0.334	0.150	0.001
0.001	0.001	0.074	0.924
0.150	0.767	0.008	0.075
0.849	0.075	0.075	0.001
0.019	0.001	0.346	0.634
0.001	0.323	0.495	0.181
0.676	0.001	0.248	0.075
0.001	0.173	0.075	0.751
0.075	0.094	0.583	0.248
0.676	0.075	0.248	0.001
0.075	0.075	0.173	0.677
0.248	0.271	0.331	0.150
>ACTGCAGGGCCCTGT	4-ACTGCAGGGCCCTGT	7.416521	-13.314586	0	T:4.0(40.00%),B:0.0(0.00%),P:1e-5	Tpos:121.5,Tstd:55.3,Bpos:0.0,Bstd:0.0,StrandBias:2.8,Multiplicity:1.75
0.710	0.206	0.083	0.001
0.001	0.997	0.001	0.001
0.083	0.001	0.001	0.915
0.288	0.001	0.710	0.001
0.001	0.915	0.083	0.001
0.997	0.001	0.001	0.001
0.001	0.001	0.997	0.001
0.014	0.001	0.984	0.001
0.001	0.001	0.997	0.001
0.001	0.997	0.001	0.001
0.001	0.997	0.001	0.001
0.001	0.997	0.001	0.001
0.001	0.001	0.034	0.964
0.001	0.001	0.997	0.001
0.001	0.288	0.001	0.710
>CHGCCGSCAGCTGGS	5-CHGCCGSCAGCTGGS	13.106783	-9.224496	0	T:3.0(30.00%),B:0.0(0.00%),P:1e-4	Tpos:103.8,Tstd:42.6,Bpos:0.0,Bstd:0.0,StrandBias:-1.0,Multiplicity:1.33
0.156	0.789	0.001	0.054
0.220	0.312	0.156	0.312
0.001	0.155	0.843	0.001
0.001	0.798	0.156	0.045
0.156	0.513	0.001	0.330
0.001	0.001	0.997	0.001
0.001	0.531	0.467	0.001
0.001	0.997	0.001	0.001
0.531	0.001	0.156	0.312
0.001	0.001	0.997	0.001
0.001	0.997	0.001	0.001
0.219	0.001	0.156	0.624
0.156	0.001	0.687	0.156
0.001	0.156	0.687	0.156
0.001	0.486	0.512	0.001
