>CAGGMTGTGA	1-CAGGMTGTGA	8.838712	-24.687563	0	T:8.0(80.00%),B:3.6(3.45%),P:1e-10	Tpos:98.1,Tstd:55.5,Bpos:116.4,Bstd:90.6,StrandBias:10.0,Multiplicity:1.12
0.001	0.616	0.001	0.382
0.799	0.001	0.001	0.199
0.001	0.382	0.616	0.001
0.001	0.382	0.616	0.001
0.548	0.450	0.001	0.001
0.001	0.001	0.001	0.997
0.001	0.001	0.997	0.001
0.001	0.001	0.165	0.833
0.001	0.382	0.616	0.001
0.616	0.001	0.001	0.382
>TCAAGATYMY	2-TCAAGATYMY	7.357018	-24.687563	0	T:8.0(80.00%),B:3.5(3.29%),P:1e-10	Tpos:86.5,Tstd:51.3,Bpos:88.9,Bstd:42.9,StrandBias:0.8,Multiplicity:1.38
0.001	0.420	0.001	0.578
0.001	0.997	0.001	0.001
0.649	0.349	0.001	0.001
0.994	0.001	0.004	0.001
0.001	0.001	0.997	0.001
0.764	0.001	0.060	0.175
0.001	0.001	0.001	0.997
0.175	0.475	0.001	0.349
0.465	0.360	0.001	0.175
0.175	0.420	0.001	0.404
>TGTSWYAGRS	3-TGTSWYAGRS	10.155854	-22.609433	0	T:6.0(60.00%),B:0.0(0.00%),P:1e-9	Tpos:112.3,Tstd:47.9,Bpos:0.0,Bstd:0.0,StrandBias:0.0,Multiplicity:1.00
0.001	0.001	0.011	0.987
0.001	0.001	0.997	0.001
0.026	0.001	0.001	0.972
0.001	0.523	0.475	0.001
0.528	0.001	0.001	0.470
0.001	0.539	0.001	0.459
0.997	0.001	0.001	0.001
0.001	0.037	0.961	0.001
0.459	0.027	0.459	0.054
0.001	0.485	0.513	0.001
>GGGCCCGGCA	4-GGGCCCGGCA	10.479622	-17.780195	0	T:5.0(50.00%),B:1.4(1.35%),P:1e-7	Tpos:115.5,Tstd:61.5,Bpos:170.9,Bstd:16.0,StrandBias:10.0,Multiplicity:2.20
0.001	0.001	0.615	0.383
0.001	0.001	0.997	0.001
0.001	0.001	0.997	0.001
0.001	0.615	0.001	0.383
0.001	0.997	0.001	0.001
0.383	0.615	0.001	0.001
0.001	0.001	0.615	0.383
0.001	0.001	0.997	0.001
0.001	0.997	0.001	0.001
0.997	0.001	0.001	0.001
>AAAACAACAC	5-AAAACAACAC	5.982962	-17.780195	0	T:5.0(50.00%),B:1.9(1.84%),P:1e-7	Tpos:86.0,Tstd:51.7,Bpos:128.6,Bstd:51.1,StrandBias:3.6,Multiplicity:2.00
0.997	0.001	0.001	0.001
0.997	0.001	0.001	0.001
0.849	0.001	0.149	0.001
0.937	0.043	0.001	0.019
0.043	0.913	0.043	0.001
0.997	0.001	0.001	0.001
0.997	0.001	0.001	0.001
0.001	0.997	0.001	0.001
0.997	0.001	0.001	0.001
0.149	0.849	0.001	0.001
>CTGATYTGGC	6-CTGATYTGGC	9.860130	-17.780195	0	T:5.0(50.00%),B:0.0(0.00%),P:1e-7	Tpos:103.1,Tstd:49.1,Bpos:0.0,Bstd:0.0,StrandBias:0.4,Multiplicity:1.40
0.001	0.997	0.001	0.001
0.001	0.001	0.001	0.997
0.001	0.175	0.649	0.175
0.824	0.001	0.174	0.001
0.001	0.001	0.349	0.649
0.001	0.425	0.001	0.573
0.001	0.175	0.175	0.649
0.001	0.174	0.824	0.001
0.001	0.001	0.578	0.420
0.001	0.595	0.001	0.403
>KWCTRYMARR	7-KWCTRYMARR	9.527651	-13.314586	0	T:4.0(40.00%),B:0.6(0.56%),P:1e-5	Tpos:112.2,Tstd:64.7,Bpos:167.3,Bstd:6.6,StrandBias:-10.0,Multiplicity:1.00
0.001	0.001	0.459	0.539
0.459	0.001	0.001	0.539
0.001	0.997	0.001	0.001
0.001	0.001	0.001	0.997
0.539	0.001	0.459	0.001
0.001	0.539	0.001	0.459
0.539	0.459	0.001	0.001
0.997	0.001	0.001	0.001
0.539	0.001	0.459	0.001
0.539	0.001	0.459	0.001
>SCGTGCTGSC	8-SCGTGCTGSC	8.319839	-13.314586	0	T:4.0(40.00%),B:1.5(1.41%),P:1e-5	Tpos:108.5,Tstd:63.2,Bpos:95.2,Bstd:27.4,StrandBias:0.0,Multiplicity:1.00
0.001	0.453	0.545	0.001
0.227	0.545	0.001	0.227
0.001	0.226	0.772	0.001
0.001	0.227	0.227	0.545
0.227	0.227	0.545	0.001
0.226	0.772	0.001	0.001
0.001	0.045	0.001	0.953
0.001	0.001	0.997	0.001
0.001	0.545	0.453	0.001
0.001	0.997	0.001	0.001
>GCCATTACGC	9-GCCATTACGC	9.414379	-13.314586	0	T:4.0(40.00%),B:0.0(0.00%),P:1e-5	Tpos:93.4,Tstd:63.5,Bpos:0.0,Bstd:0.0,StrandBias:2.0,Multiplicity:1.25
0.001	0.001	0.997	0.001
0.001	0.997	0.001	0.001
0.001	0.997	0.001	0.001
0.997	0.001	0.001	0.001
0.001	0.288	0.001	0.710
0.001	0.001	0.001	0.997
0.997	0.001	0.001	0.001
0.001	0.710	0.001	0.288
0.144	0.001	0.854	0.001
0.001	0.997	0.001	0.001
>CGCCTGCTGG	10-CGCCTGCTGG	13.557564	-9.224496	0	T:3.0(30.00%),B:0.0(0.00%),P:1e-4	Tpos:104.5,Tstd:43.5,Bpos:0.0,Bstd:0.0,StrandBias:-10.0,Multiplicity:1.33
0.001	0.936	0.001	0.062
0.001	0.001	0.997	0.001
0.001	0.997	0.001	0.001
0.001	0.997	0.001	0.001
0.095	0.001	0.001	0.903
0.001	0.001	0.997	0.001
0.001	0.997	0.001	0.001
0.095	0.001	0.001	0.903
0.001	0.001	0.997	0.001
0.001	0.001	0.983	0.015
