>CAGGMTGTGA	1-CAGGMTGTGA	8.838712	-24.687563	0	T:8.0(80.00%),B:3.6(3.45%),P:1e-10	Tpos:98.1,Tstd:55.5,Bpos:116.4,Bstd:90.6,StrandBias:10.0,Multiplicity:1.12
0.001	0.616	0.001	0.382
0.799	0.001	0.001	0.199
0.001	0.382	0.616	0.001
0.001	0.382	0.616	0.001
0.548	0.450	0.001	0.001
0.001	0.001	0.001	0.997
0.001	0.001	0.997	0.001
0.001	0.001	0.165	0.833
0.001	0.382	0.616	0.001
0.616	0.001	0.001	0.382
>TCAAGATYMY	2-TCAAGATYMY	7.357018	-24.687563	0	T:8.0(80.00%),B:3.5(3.29%),P:1e-10	Tpos:86.5,Tstd:51.3,Bpos:88.9,Bstd:42.9,StrandBias:0.8,Multiplicity:1.38
0.001	0.420	0.001	0.578
0.001	0.997	0.001	0.001
0.649	0.349	0.001	0.001
0.994	0.001	0.004	0.001
0.001	0.001	0.997	0.001
0.764	0.001	0.060	0.175
0.001	0.001	0.001	0.997
0.175	0.475	0.001	0.349
0.465	0.360	0.001	0.175
0.175	0.420	0.001	0.404
>TGTSWYAGRS	3-TGTSWYAGRS	10.155854	-22.609433	0	T:6.0(60.00%),B:0.0(0.00%),P:1e-9	Tpos:112.3,Tstd:47.9,Bpos:0.0,Bstd:0.0,StrandBias:0.0,Multiplicity:1.00
0.001	0.001	0.011	0.987
0.001	0.001	0.997	0.001
0.026	0.001	0.001	0.972
0.001	0.523	0.475	0.001
0.528	0.001	0.001	0.470
0.001	0.539	0.001	0.459
0.997	0.001	0.001	0.001
0.001	0.037	0.961	0.001
0.459	0.027	0.459	0.054
0.001	0.485	0.513	0.001
>GGGCCCGGCA	4-GGGCCCGGCA	10.479622	-17.780195	0	T:5.0(50.00%),B:1.4(1.35%),P:1e-7	Tpos:115.5,Tstd:61.5,Bpos:170.9,Bstd:16.0,StrandBias:10.0,Multiplicity:2.20
0.001	0.001	0.615	0.383
0.001	0.001	0.997	0.001
0.001	0.001	0.997	0.001
0.001	0.615	0.001	0.383
0.001	0.997	0.001	0.001
0.383	0.615	0.001	0.001
0.001	0.001	0.615	0.383
0.001	0.001	0.997	0.001
0.001	0.997	0.001	0.001
0.997	0.001	0.001	0.001
>AAAACAACAC	5-AAAACAACAC	5.982962	-17.780195	0	T:5.0(50.00%),B:1.9(1.84%),P:1e-7	Tpos:86.0,Tstd:51.7,Bpos:128.6,Bstd:51.1,StrandBias:3.6,Multiplicity:2.00
0.997	0.001	0.001	0.001
0.997	0.001	0.001	0.001
0.849	0.001	0.149	0.001
0.937	0.043	0.001	0.019
0.043	0.913	0.043	0.001
0.997	0.001	0.001	0.001
0.997	0.001	0.001	0.001
0.001	0.997	0.001	0.001
0.997	0.001	0.001	0.001
0.149	0.849	0.001	0.001
>CTGATYTGGC	6-CTGATYTGGC	9.860130	-17.780195	0	T:5.0(50.00%),B:0.0(0.00%),P:1e-7	Tpos:103.1,Tstd:49.1,Bpos:0.0,Bstd:0.0,StrandBias:0.4,Multiplicity:1.40
0.001	0.997	0.001	0.001
0.001	0.001	0.001	0.997
0.001	0.175	0.649	0.175
0.824	0.001	0.174	0.001
0.001	0.001	0.349	0.649
0.001	0.425	0.001	0.573
0.001	0.175	0.175	0.649
0.001	0.174	0.824	0.001
0.001	0.001	0.578	0.420
0.001	0.595	0.001	0.403
>KWCTRYMARR	7-KWCTRYMARR	9.527651	-13.314586	0	T:4.0(40.00%),B:0.6(0.56%),P:1e-5	Tpos:112.2,Tstd:64.7,Bpos:167.3,Bstd:6.6,StrandBias:-10.0,Multiplicity:1.00
0.001	0.001	0.459	0.539
0.459	0.001	0.001	0.539
0.001	0.997	0.001	0.001
0.001	0.001	0.001	0.997
0.539	0.001	0.459	0.001
0.001	0.539	0.001	0.459
0.539	0.459	0.001	0.001
0.997	0.001	0.001	0.001
0.539	0.001	0.459	0.001
0.539	0.001	0.459	0.001
>SCGTGCTGSC	8-SCGTGCTGSC	8.319839	-13.314586	0	T:4.0(40.00%),B:1.5(1.41%),P:1e-5	Tpos:108.5,Tstd:63.2,Bpos:95.2,Bstd:27.4,StrandBias:0.0,Multiplicity:1.00
0.001	0.453	0.545	0.001
0.227	0.545	0.001	0.227
0.001	0.226	0.772	0.001
0.001	0.227	0.227	0.545
0.227	0.227	0.545	0.001
0.226	0.772	0.001	0.001
0.001	0.045	0.001	0.953
0.001	0.001	0.997	0.001
0.001	0.545	0.453	0.001
0.001	0.997	0.001	0.001
>GCCATTACGC	9-GCCATTACGC	9.414379	-13.314586	0	T:4.0(40.00%),B:0.0(0.00%),P:1e-5	Tpos:93.4,Tstd:63.5,Bpos:0.0,Bstd:0.0,StrandBias:2.0,Multiplicity:1.25
0.001	0.001	0.997	0.001
0.001	0.997	0.001	0.001
0.001	0.997	0.001	0.001
0.997	0.001	0.001	0.001
0.001	0.288	0.001	0.710
0.001	0.001	0.001	0.997
0.997	0.001	0.001	0.001
0.001	0.710	0.001	0.288
0.144	0.001	0.854	0.001
0.001	0.997	0.001	0.001
>CGCCTGCTGG	10-CGCCTGCTGG	13.557564	-9.224496	0	T:3.0(30.00%),B:0.0(0.00%),P:1e-4	Tpos:104.5,Tstd:43.5,Bpos:0.0,Bstd:0.0,StrandBias:-10.0,Multiplicity:1.33
0.001	0.936	0.001	0.062
0.001	0.001	0.997	0.001
0.001	0.997	0.001	0.001
0.001	0.997	0.001	0.001
0.095	0.001	0.001	0.903
0.001	0.001	0.997	0.001
0.001	0.997	0.001	0.001
0.095	0.001	0.001	0.903
0.001	0.001	0.997	0.001
0.001	0.001	0.983	0.015
>TCAVCACTGTCA	1-TCAVCACTGTCA	9.785373	-33.442023	0	T:8.0(80.00%),B:0.0(0.00%),P:1e-14	Tpos:107.0,Tstd:44.0,Bpos:0.0,Bstd:0.0,StrandBias:0.0,Multiplicity:1.00
0.168	0.001	0.277	0.554
0.276	0.722	0.001	0.001
0.711	0.287	0.001	0.001
0.277	0.300	0.397	0.026
0.001	0.722	0.001	0.276
0.997	0.001	0.001	0.001
0.001	0.997	0.001	0.001
0.001	0.396	0.001	0.602
0.277	0.277	0.445	0.001
0.001	0.001	0.001	0.997
0.001	0.602	0.396	0.001
0.879	0.001	0.001	0.119
>TTGTGTTCACTG	2-TTGTGTTCACTG	8.675057	-33.442023	0	T:8.0(80.00%),B:0.0(0.00%),P:1e-14	Tpos:95.8,Tstd:55.9,Bpos:0.0,Bstd:0.0,StrandBias:10.0,Multiplicity:1.00
0.268	0.001	0.001	0.730
0.001	0.001	0.001	0.997
0.001	0.269	0.621	0.109
0.001	0.001	0.001	0.997
0.001	0.001	0.997	0.001
0.001	0.001	0.001	0.997
0.109	0.269	0.001	0.621
0.001	0.621	0.109	0.269
0.997	0.001	0.001	0.001
0.377	0.621	0.001	0.001
0.001	0.001	0.001	0.997
0.001	0.001	0.997	0.001
>ATBDGTCAGGCT	3-ATBDGTCAGGCT	10.595615	-27.815332	0	T:7.0(70.00%),B:1.1(1.05%),P:1e-12	Tpos:109.6,Tstd:56.8,Bpos:107.0,Bstd:0.0,StrandBias:10.0,Multiplicity:1.00
0.669	0.001	0.329	0.001
0.001	0.001	0.198	0.800
0.100	0.330	0.231	0.340
0.330	0.100	0.340	0.231
0.099	0.001	0.899	0.001
0.230	0.099	0.001	0.670
0.099	0.801	0.099	0.001
0.997	0.001	0.001	0.001
0.199	0.099	0.701	0.001
0.100	0.100	0.700	0.100
0.001	0.899	0.099	0.001
0.339	0.001	0.099	0.561
>GCCTGCATGCKG	4-GCCTGCATGCKG	10.187462	-17.780195	0	T:5.0(50.00%),B:0.0(0.00%),P:1e-7	Tpos:84.4,Tstd:47.9,Bpos:0.0,Bstd:0.0,StrandBias:0.4,Multiplicity:1.40
0.001	0.129	0.869	0.001
0.001	0.828	0.170	0.001
0.129	0.869	0.001	0.001
0.131	0.167	0.262	0.440
0.299	0.001	0.699	0.001
0.001	0.961	0.037	0.001
0.471	0.130	0.259	0.141
0.038	0.004	0.400	0.558
0.001	0.001	0.997	0.001
0.337	0.533	0.129	0.001
0.049	0.133	0.389	0.429
0.130	0.001	0.739	0.130
>AGAGGGCCCTGC	5-AGAGGGCCCTGC	10.409522	-13.314586	0	T:4.0(40.00%),B:0.0(0.00%),P:1e-5	Tpos:122.7,Tstd:55.9,Bpos:0.0,Bstd:0.0,StrandBias:10.0,Multiplicity:2.25
0.700	0.100	0.100	0.100
0.100	0.100	0.700	0.100
0.700	0.100	0.100	0.100
0.100	0.100	0.700	0.100
0.100	0.100	0.700	0.100
0.100	0.100	0.700	0.100
0.100	0.700	0.100	0.100
0.100	0.700	0.100	0.100
0.100	0.700	0.100	0.100
0.100	0.100	0.100	0.700
0.100	0.100	0.700	0.100
0.100	0.700	0.100	0.100
>GAARAMAACAMS	6-GAARAMAACAMS	7.350141	-13.314586	0	T:4.0(40.00%),B:1.7(1.60%),P:1e-5	Tpos:89.8,Tstd:52.1,Bpos:114.7,Bstd:27.4,StrandBias:10.0,Multiplicity:2.25
0.080	0.001	0.918	0.001
0.930	0.068	0.001	0.001
0.997	0.001	0.001	0.001
0.459	0.001	0.539	0.001
0.929	0.069	0.001	0.001
0.459	0.530	0.010	0.001
0.997	0.001	0.001	0.001
0.930	0.001	0.068	0.001
0.001	0.930	0.068	0.001
0.997	0.001	0.001	0.001
0.539	0.459	0.001	0.001
0.001	0.459	0.539	0.001
>CSTGCKGCCACT	7-CSTGCKGCCACT	9.480478	-7.195373	0	T:3.0(30.00%),B:2.8(2.62%),P:1e-3	Tpos:112.8,Tstd:42.9,Bpos:103.0,Bstd:0.0,StrandBias:1.0,Multiplicity:2.00
0.001	0.545	0.227	0.227
0.001	0.453	0.545	0.001
0.227	0.001	0.227	0.545
0.226	0.001	0.772	0.001
0.226	0.772	0.001	0.001
0.001	0.046	0.453	0.500
0.001	0.226	0.772	0.001
0.227	0.545	0.227	0.001
0.001	0.997	0.001	0.001
0.772	0.001	0.001	0.226
0.001	0.997	0.001	0.001
0.227	0.227	0.001	0.545
>CTCTTGCTTGCAGTA	1-CTCTTGCTTGCAGTA	2.673840	-33.442023	0	T:8.0(80.00%),B:0.0(0.00%),P:1e-14	Tpos:101.0,Tstd:47.0,Bpos:0.0,Bstd:0.0,StrandBias:0.0,Multiplicity:1.25
0.001	0.710	0.087	0.202
0.001	0.001	0.288	0.710
0.001	0.997	0.001	0.001
0.001	0.001	0.087	0.911
0.001	0.001	0.001	0.997
0.001	0.001	0.997	0.001
0.001	0.797	0.001	0.201
0.001	0.001	0.001	0.997
0.001	0.001	0.288	0.710
0.001	0.087	0.911	0.001
0.001	0.997	0.001	0.001
0.797	0.001	0.001	0.201
0.001	0.087	0.710	0.202
0.001	0.001	0.001	0.997
0.997	0.001	0.001	0.001
>GTKTGTCAGGCTTTY	2-GTKTGTCAGGCTTTY	9.953935	-22.609433	0	T:6.0(60.00%),B:0.5(0.47%),P:1e-9	Tpos:84.3,Tstd:54.3,Bpos:127.1,Bstd:0.5,StrandBias:1.8,Multiplicity:1.50
0.297	0.001	0.701	0.001
0.212	0.001	0.212	0.575
0.001	0.001	0.489	0.509
0.212	0.001	0.298	0.490
0.001	0.211	0.787	0.001
0.001	0.211	0.001	0.787
0.001	0.997	0.001	0.001
0.997	0.001	0.001	0.001
0.211	0.001	0.787	0.001
0.001	0.001	0.997	0.001
0.211	0.787	0.001	0.001
0.297	0.001	0.001	0.701
0.001	0.001	0.001	0.997
0.001	0.001	0.211	0.787
0.001	0.489	0.001	0.509
>CANATCATGATGATV	3-CANATCATGATGATV	10.260733	-22.609433	0	T:6.0(60.00%),B:0.0(0.00%),P:1e-9	Tpos:102.7,Tstd:48.0,Bpos:0.0,Bstd:0.0,StrandBias:0.0,Multiplicity:1.00
0.192	0.583	0.075	0.150
0.575	0.019	0.075	0.331
0.248	0.181	0.323	0.247
0.515	0.334	0.150	0.001
0.001	0.001	0.074	0.924
0.150	0.767	0.008	0.075
0.849	0.075	0.075	0.001
0.019	0.001	0.346	0.634
0.001	0.323	0.495	0.181
0.676	0.001	0.248	0.075
0.001	0.173	0.075	0.751
0.075	0.094	0.583	0.248
0.676	0.075	0.248	0.001
0.075	0.075	0.173	0.677
0.248	0.271	0.331	0.150
>ACTGCAGGGCCCTGT	4-ACTGCAGGGCCCTGT	7.416521	-13.314586	0	T:4.0(40.00%),B:0.0(0.00%),P:1e-5	Tpos:121.5,Tstd:55.3,Bpos:0.0,Bstd:0.0,StrandBias:2.8,Multiplicity:1.75
0.710	0.206	0.083	0.001
0.001	0.997	0.001	0.001
0.083	0.001	0.001	0.915
0.288	0.001	0.710	0.001
0.001	0.915	0.083	0.001
0.997	0.001	0.001	0.001
0.001	0.001	0.997	0.001
0.014	0.001	0.984	0.001
0.001	0.001	0.997	0.001
0.001	0.997	0.001	0.001
0.001	0.997	0.001	0.001
0.001	0.997	0.001	0.001
0.001	0.001	0.034	0.964
0.001	0.001	0.997	0.001
0.001	0.288	0.001	0.710
>CHGCCGSCAGCTGGS	5-CHGCCGSCAGCTGGS	13.106783	-9.224496	0	T:3.0(30.00%),B:0.0(0.00%),P:1e-4	Tpos:103.8,Tstd:42.6,Bpos:0.0,Bstd:0.0,StrandBias:-1.0,Multiplicity:1.33
0.156	0.789	0.001	0.054
0.220	0.312	0.156	0.312
0.001	0.155	0.843	0.001
0.001	0.798	0.156	0.045
0.156	0.513	0.001	0.330
0.001	0.001	0.997	0.001
0.001	0.531	0.467	0.001
0.001	0.997	0.001	0.001
0.531	0.001	0.156	0.312
0.001	0.001	0.997	0.001
0.001	0.997	0.001	0.001
0.219	0.001	0.156	0.624
0.156	0.001	0.687	0.156
0.001	0.156	0.687	0.156
0.001	0.486	0.512	0.001
>TGACAGTG	1-TGACAGTG	8.236954	-39.591666	0	T:9.0(90.00%),B:0.3(0.27%),P:1e-17	Tpos:97.3,Tstd:54.9,Bpos:150.0,Bstd:0.0,StrandBias:3.0,Multiplicity:1.00
0.100	0.100	0.100	0.700
0.100	0.100	0.700	0.100
0.700	0.100	0.100	0.100
0.100	0.700	0.100	0.100
0.700	0.100	0.100	0.100
0.100	0.100	0.700	0.100
0.100	0.100	0.100	0.700
0.100	0.100	0.700	0.100
>GATCTGTC	2-GATCTGTC	7.889590	-27.815332	0	T:7.0(70.00%),B:0.0(0.00%),P:1e-12	Tpos:111.9,Tstd:50.0,Bpos:0.0,Bstd:0.0,StrandBias:10.0,Multiplicity:1.00
0.001	0.001	0.997	0.001
0.997	0.001	0.001	0.001
0.001	0.001	0.001	0.997
0.001	0.710	0.001	0.288
0.001	0.001	0.144	0.854
0.001	0.001	0.997	0.001
0.001	0.001	0.001	0.997
0.001	0.997	0.001	0.001
>AATGTTAT	3-AATGTTAT	7.752159	-27.815332	0	T:7.0(70.00%),B:1.8(1.70%),P:1e-12	Tpos:108.7,Tstd:57.7,Bpos:89.9,Bstd:10.4,StrandBias:10.0,Multiplicity:1.00
0.506	0.149	0.344	0.001
0.850	0.148	0.001	0.001
0.001	0.001	0.001	0.997
0.149	0.001	0.701	0.149
0.148	0.001	0.001	0.850
0.149	0.149	0.001	0.701
0.850	0.001	0.148	0.001
0.343	0.001	0.001	0.655
>TCATCAAG	4-TCATCAAG	9.736513	-17.780195	0	T:5.0(50.00%),B:1.1(1.05%),P:1e-7	Tpos:70.4,Tstd:44.4,Bpos:98.0,Bstd:0.0,StrandBias:0.7,Multiplicity:1.60
0.001	0.001	0.001	0.997
0.001	0.997	0.001	0.001
0.997	0.001	0.001	0.001
0.001	0.001	0.001	0.997
0.001	0.913	0.085	0.001
0.997	0.001	0.001	0.001
0.710	0.001	0.001	0.288
0.001	0.001	0.997	0.001
>GCCACTAT	5-GCCACTAT	10.088493	-17.780195	0	T:5.0(50.00%),B:1.3(1.28%),P:1e-7	Tpos:79.9,Tstd:61.4,Bpos:30.2,Bstd:7.1,StrandBias:10.0,Multiplicity:1.40
0.001	0.001	0.997	0.001
0.001	0.997	0.001	0.001
0.001	0.997	0.001	0.001
0.997	0.001	0.001	0.001
0.001	0.997	0.001	0.001
0.001	0.001	0.001	0.997
0.997	0.001	0.001	0.001
0.001	0.375	0.001	0.623
>CCAAGRTC	6-CCAAGRTC	10.037030	-17.780195	0	T:5.0(50.00%),B:0.7(0.69%),P:1e-7	Tpos:73.4,Tstd:51.1,Bpos:123.7,Bstd:15.6,StrandBias:10.0,Multiplicity:1.00
0.001	0.997	0.001	0.001
0.001	0.997	0.001	0.001
0.997	0.001	0.001	0.001
0.767	0.001	0.231	0.001
0.001	0.001	0.997	0.001
0.463	0.001	0.535	0.001
0.001	0.001	0.001	0.997
0.001	0.997	0.001	0.001
>GCTTTCGA	7-GCTTTCGA	6.291044	-14.354564	0	T:5.0(50.00%),B:2.2(2.05%),P:1e-6	Tpos:109.6,Tstd:45.6,Bpos:25.7,Bstd:27.7,StrandBias:10.0,Multiplicity:1.00
0.100	0.100	0.700	0.100
0.100	0.700	0.100	0.100
0.100	0.100	0.100	0.700
0.100	0.100	0.100	0.700
0.100	0.100	0.100	0.700
0.100	0.700	0.100	0.100
0.100	0.100	0.700	0.100
0.700	0.100	0.100	0.100
>AGTGCCCG	8-AGTGCCCG	7.253870	-13.314586	0	T:4.0(40.00%),B:1.9(1.80%),P:1e-5	Tpos:122.3,Tstd:58.8,Bpos:32.0,Bstd:15.7,StrandBias:1.3,Multiplicity:2.50
0.824	0.001	0.174	0.001
0.001	0.001	0.997	0.001
0.175	0.175	0.246	0.404
0.001	0.001	0.997	0.001
0.001	0.595	0.001	0.403
0.174	0.824	0.001	0.001
0.001	0.997	0.001	0.001
0.175	0.001	0.605	0.219
>GGGCGTGC	9-GGGCGTGC	9.563241	-13.314586	0	T:4.0(40.00%),B:0.0(0.00%),P:1e-5	Tpos:97.8,Tstd:49.5,Bpos:0.0,Bstd:0.0,StrandBias:2.0,Multiplicity:1.25
0.001	0.332	0.666	0.001
0.001	0.001	0.997	0.001
0.001	0.001	0.997	0.001
0.001	0.666	0.332	0.001
0.001	0.001	0.997	0.001
0.001	0.001	0.001	0.997
0.001	0.001	0.997	0.001
0.001	0.997	0.001	0.001
>TTTTGTAG	10-TTTTGTAG	8.236954	-10.588127	0	T:4.0(40.00%),B:2.7(2.60%),P:1e-4	Tpos:112.2,Tstd:64.7,Bpos:127.9,Bstd:18.4,StrandBias:10.0,Multiplicity:1.00
0.100	0.100	0.100	0.700
0.100	0.100	0.100	0.700
0.100	0.100	0.100	0.700
0.100	0.100	0.100	0.700
0.100	0.100	0.700	0.100
0.100	0.100	0.100	0.700
0.700	0.100	0.100	0.100
0.100	0.100	0.700	0.100
>GCCAGCAG	11-GCCAGCAG	8.670847	-9.224496	0	T:3.0(30.00%),B:0.3(0.26%),P:1e-4	Tpos:126.0,Tstd:48.4,Bpos:174.0,Bstd:0.0,StrandBias:10.0,Multiplicity:2.33
0.001	0.001	0.997	0.001
0.001	0.839	0.107	0.053
0.053	0.688	0.001	0.258
0.483	0.001	0.258	0.258
0.123	0.001	0.875	0.001
0.053	0.823	0.123	0.001
0.688	0.001	0.053	0.258
0.300	0.053	0.646	0.001
>AGCTTGTT	12-AGCTTGTT	9.159780	-9.224496	0	T:3.0(30.00%),B:0.8(0.75%),P:1e-4	Tpos:97.2,Tstd:48.8,Bpos:93.0,Bstd:0.0,StrandBias:-10.0,Multiplicity:3.33
0.666	0.001	0.001	0.332
0.001	0.001	0.997	0.001
0.001	0.997	0.001	0.001
0.001	0.001	0.332	0.666
0.001	0.001	0.001	0.997
0.001	0.332	0.666	0.001
0.001	0.001	0.001	0.997
0.001	0.001	0.001	0.997
