>TCTATGACAGTG	1-TCTATGACAGTG,BestGuess:MEIS3/MA0775.2/Jaspar(0.685)	10.573616	-46.858347	0	T:6.0(60.00%),B:15.5(0.02%),P:1e-20
0.001	0.001	0.049	0.949
0.001	0.997	0.001	0.001
0.001	0.001	0.001	0.997
0.949	0.001	0.049	0.001
0.001	0.001	0.001	0.997
0.001	0.001	0.997	0.001
0.997	0.001	0.001	0.001
0.001	0.997	0.001	0.001
0.997	0.001	0.001	0.001
0.001	0.001	0.997	0.001
0.001	0.001	0.001	0.997
0.001	0.001	0.997	0.001
>ATTGGTCAGGCA	2-ATTGGTCAGGCA,BestGuess:BCL11A/MA2324.1/Jaspar(0.757)	12.355432	-40.288402	0	T:4.0(40.00%),B:1.8(0.00%),P:1e-17
0.700	0.100	0.100	0.100
0.100	0.100	0.100	0.700
0.100	0.100	0.100	0.700
0.100	0.100	0.700	0.100
0.100	0.100	0.700	0.100
0.100	0.100	0.100	0.700
0.100	0.700	0.100	0.100
0.700	0.100	0.100	0.100
0.100	0.100	0.700	0.100
0.100	0.100	0.700	0.100
0.100	0.700	0.100	0.100
0.700	0.100	0.100	0.100
>TTGTAGAATGTT	3-TTGTAGAATGTT,BestGuess:HSF2/MA0770.1/Jaspar(0.755)	12.355432	-37.515867	0	T:4.0(40.00%),B:2.5(0.00%),P:1e-16
0.100	0.100	0.100	0.700
0.100	0.100	0.100	0.700
0.100	0.100	0.700	0.100
0.100	0.100	0.100	0.700
0.700	0.100	0.100	0.100
0.100	0.100	0.700	0.100
0.700	0.100	0.100	0.100
0.700	0.100	0.100	0.100
0.100	0.100	0.100	0.700
0.100	0.100	0.700	0.100
0.100	0.100	0.100	0.700
0.100	0.100	0.100	0.700
>GCAAGAGGGCCC	4-GCAAGAGGGCCC,BestGuess:ZNF574/MA1982.2/Jaspar(0.698)	16.414947	-33.121631	0	T:4.0(40.00%),B:6.9(0.01%),P:1e-14
0.001	0.001	0.997	0.001
0.001	0.997	0.001	0.001
0.997	0.001	0.001	0.001
0.997	0.001	0.001	0.001
0.001	0.001	0.997	0.001
0.997	0.001	0.001	0.001
0.001	0.001	0.997	0.001
0.169	0.001	0.829	0.001
0.001	0.001	0.997	0.001
0.001	0.997	0.001	0.001
0.001	0.997	0.001	0.001
0.001	0.997	0.001	0.001
>GTCAGGCTTTCC	5-GTCAGGCTTTCC,BestGuess:ZNF75D/MA1601.2/Jaspar(0.688)	11.857819	-32.595978	0	T:5.0(50.00%),B:44.2(0.05%),P:1e-14
0.312	0.001	0.686	0.001
0.033	0.001	0.001	0.965
0.001	0.686	0.312	0.001
0.997	0.001	0.001	0.001
0.001	0.001	0.686	0.312
0.001	0.001	0.997	0.001
0.001	0.997	0.001	0.001
0.001	0.001	0.001	0.997
0.001	0.001	0.033	0.965
0.001	0.001	0.001	0.997
0.001	0.965	0.033	0.001
0.034	0.652	0.313	0.001
>CTTYWAYMTYCW	6-CTTYWAYMTYCW,BestGuess:TCF7L2/MA0523.2/Jaspar(0.650)	9.196959	-29.481626	0	T:6.0(60.00%),B:272.9(0.30%),P:1e-12
0.032	0.966	0.001	0.001
0.001	0.001	0.001	0.997
0.001	0.001	0.001	0.997
0.001	0.483	0.001	0.515
0.483	0.001	0.001	0.515
0.997	0.001	0.001	0.001
0.001	0.515	0.001	0.483
0.483	0.515	0.001	0.001
0.001	0.001	0.001	0.997
0.001	0.515	0.001	0.483
0.001	0.997	0.001	0.001
0.483	0.001	0.001	0.515
>CATATGTTCG	2-CATATGTTCG,BestGuess:Atoh1/MA0461.3/Jaspar(0.844)	10.296193	-29.439159	0	T:3.0(30.00%),B:0.0(0.00%),P:1e-12
0.100	0.700	0.100	0.100
0.700	0.100	0.100	0.100
0.100	0.100	0.100	0.700
0.700	0.100	0.100	0.100
0.100	0.100	0.100	0.700
0.100	0.100	0.700	0.100
0.100	0.100	0.100	0.700
0.100	0.100	0.100	0.700
0.100	0.700	0.100	0.100
0.100	0.100	0.700	0.100
>CTTGWYAGTACT	7-CTTGWYAGTACT,BestGuess:PB0152.1_Nkx3-1_2/Jaspar(0.564)	11.436248	-29.439159	0	T:3.0(30.00%),B:0.3(0.00%),P:1e-12
0.001	0.871	0.127	0.001
0.001	0.001	0.001	0.997
0.001	0.314	0.139	0.546
0.128	0.314	0.557	0.001
0.423	0.150	0.001	0.426
0.001	0.453	0.001	0.545
0.598	0.001	0.139	0.262
0.267	0.250	0.482	0.001
0.001	0.289	0.001	0.709
0.888	0.110	0.001	0.001
0.001	0.581	0.417	0.001
0.001	0.138	0.001	0.860
>TGCCACTACGAT	8-TGCCACTACGAT,BestGuess:ZBTB9(Zf)/HEK293T-ZBTB9-ChIP-Seq(GSE251687)/Homer(0.600)	12.355432	-29.439159	0	T:3.0(30.00%),B:0.0(0.00%),P:1e-12
0.100	0.100	0.100	0.700
0.100	0.100	0.700	0.100
0.100	0.700	0.100	0.100
0.100	0.700	0.100	0.100
0.700	0.100	0.100	0.100
0.100	0.700	0.100	0.100
0.100	0.100	0.100	0.700
0.700	0.100	0.100	0.100
0.100	0.700	0.100	0.100
0.100	0.100	0.700	0.100
0.700	0.100	0.100	0.100
0.100	0.100	0.100	0.700
>ACCAGATCAGAC	9-ACCAGATCAGAC,BestGuess:Gata3/MA0037.5/Jaspar(0.666)	12.355432	-29.439159	0	T:3.0(30.00%),B:0.0(0.00%),P:1e-12
0.700	0.100	0.100	0.100
0.100	0.700	0.100	0.100
0.100	0.700	0.100	0.100
0.700	0.100	0.100	0.100
0.100	0.100	0.700	0.100
0.700	0.100	0.100	0.100
0.100	0.100	0.100	0.700
0.100	0.700	0.100	0.100
0.700	0.100	0.100	0.100
0.100	0.100	0.700	0.100
0.700	0.100	0.100	0.100
0.100	0.700	0.100	0.100
>AGAACAAGGCAT	10-AGAACAAGGCAT,BestGuess:PB0061.1_Sox11_1/Jaspar(0.685)	12.355432	-29.439159	0	T:3.0(30.00%),B:2.0(0.00%),P:1e-12
0.700	0.100	0.100	0.100
0.100	0.100	0.700	0.100
0.700	0.100	0.100	0.100
0.700	0.100	0.100	0.100
0.100	0.700	0.100	0.100
0.700	0.100	0.100	0.100
0.700	0.100	0.100	0.100
0.100	0.100	0.700	0.100
0.100	0.100	0.700	0.100
0.100	0.700	0.100	0.100
0.700	0.100	0.100	0.100
0.100	0.100	0.100	0.700
>RTCATCATGAAG	11-RTCATCATGAAG,BestGuess:PB0176.1_Sox5_2/Jaspar(0.650)	10.377853	-29.265377	0	T:6.0(60.00%),B:282.1(0.31%),P:1e-12
0.432	0.001	0.566	0.001
0.001	0.139	0.001	0.859
0.001	0.859	0.001	0.139
0.683	0.315	0.001	0.001
0.094	0.001	0.001	0.904
0.001	0.683	0.315	0.001
0.997	0.001	0.001	0.001
0.211	0.001	0.001	0.787
0.316	0.140	0.543	0.001
0.772	0.001	0.094	0.133
0.566	0.001	0.316	0.117
0.316	0.001	0.472	0.211
>AGAGTAACACCC	12-AGAGTAACACCC,BestGuess:MGA::EVX1/MA1960.2/Jaspar(0.670)	7.279318	-28.910204	0	T:5.0(50.00%),B:92.8(0.10%),P:1e-12
0.997	0.001	0.001	0.001
0.097	0.001	0.901	0.001
0.997	0.001	0.001	0.001
0.097	0.001	0.901	0.001
0.001	0.097	0.001	0.901
0.997	0.001	0.001	0.001
0.997	0.001	0.001	0.001
0.001	0.997	0.001	0.001
0.997	0.001	0.001	0.001
0.001	0.997	0.001	0.001
0.001	0.901	0.097	0.001
0.001	0.997	0.001	0.001
>CACCCAAATG	3-CACCCAAATG,BestGuess:TWIST1/MA1123.3/Jaspar(0.668)	7.919938	-27.448112	0	T:6.0(60.00%),B:382.2(0.42%),P:1e-11
0.001	0.997	0.001	0.001
0.997	0.001	0.001	0.001
0.001	0.997	0.001	0.001
0.001	0.997	0.001	0.001
0.001	0.997	0.001	0.001
0.885	0.001	0.001	0.113
0.844	0.001	0.154	0.001
0.997	0.001	0.001	0.001
0.001	0.001	0.001	0.997
0.001	0.001	0.844	0.154
>CGATGTGAGC	4-CGATGTGAGC,BestGuess:ZKSCAN5/MA1652.2/Jaspar(0.670)	10.296193	-27.359776	0	T:3.0(30.00%),B:2.8(0.00%),P:1e-11
0.100	0.700	0.100	0.100
0.100	0.100	0.700	0.100
0.700	0.100	0.100	0.100
0.100	0.100	0.100	0.700
0.100	0.100	0.700	0.100
0.100	0.100	0.100	0.700
0.100	0.100	0.700	0.100
0.700	0.100	0.100	0.100
0.100	0.100	0.700	0.100
0.100	0.700	0.100	0.100
>GGACACCACTGT	13-GGACACCACTGT,BestGuess:SOX2/MA0143.5/Jaspar(0.580)	10.197279	-26.961022	0	T:4.0(40.00%),B:29.0(0.03%),P:1e-11
0.001	0.001	0.997	0.001
0.001	0.001	0.997	0.001
0.880	0.001	0.001	0.118
0.001	0.997	0.001	0.001
0.997	0.001	0.001	0.001
0.001	0.997	0.001	0.001
0.001	0.997	0.001	0.001
0.997	0.001	0.001	0.001
0.001	0.997	0.001	0.001
0.001	0.118	0.001	0.880
0.001	0.118	0.880	0.001
0.001	0.001	0.001	0.997
>AGCAGTGGGCGC	14-AGCAGTGGGCGC,BestGuess:BORIS(Zf)/K562-CTCFL-ChIP-Seq(GSE32465)/Homer(0.667)	9.609358	-26.820710	0	T:4.0(40.00%),B:29.3(0.03%),P:1e-11
0.901	0.001	0.097	0.001
0.001	0.001	0.997	0.001
0.001	0.997	0.001	0.001
0.997	0.001	0.001	0.001
0.001	0.001	0.997	0.001
0.001	0.001	0.001	0.997
0.001	0.001	0.997	0.001
0.001	0.001	0.901	0.097
0.001	0.097	0.901	0.001
0.001	0.997	0.001	0.001
0.001	0.001	0.997	0.001
0.001	0.997	0.001	0.001
>TGCCAGCAVGVG	15-TGCCAGCAVGVG,BestGuess:Zic1::Zic2/MA1628.2/Jaspar(0.738)	12.483966	-25.280451	0	T:3.0(30.00%),B:4.5(0.00%),P:1e-10
0.001	0.334	0.001	0.664
0.001	0.001	0.997	0.001
0.001	0.656	0.342	0.001
0.316	0.682	0.001	0.001
0.997	0.001	0.001	0.001
0.001	0.001	0.997	0.001
0.001	0.997	0.001	0.001
0.997	0.001	0.001	0.001
0.317	0.343	0.339	0.001
0.001	0.001	0.697	0.301
0.317	0.347	0.335	0.001
0.001	0.342	0.656	0.001
>CCAATTTTGTTA	16-CCAATTTTGTTA,BestGuess:PB0002.1_Arid5a_1/Jaspar(0.664)	9.609358	-25.280451	0	T:3.0(30.00%),B:4.4(0.00%),P:1e-10
0.001	0.997	0.001	0.001
0.001	0.997	0.001	0.001
0.997	0.001	0.001	0.001
0.997	0.001	0.001	0.001
0.001	0.001	0.001	0.997
0.097	0.001	0.001	0.901
0.001	0.097	0.001	0.901
0.001	0.001	0.001	0.997
0.001	0.001	0.997	0.001
0.097	0.001	0.001	0.901
0.001	0.001	0.001	0.997
0.997	0.001	0.001	0.001
>GTDGGCTYTT	7-GTDGGCTYTT,BestGuess:PB0134.1_Hnf4a_2/Jaspar(0.698)	8.850621	-24.241531	0	T:6.0(60.00%),B:653.7(0.73%),P:1e-10
0.311	0.001	0.568	0.120
0.119	0.001	0.001	0.879
0.313	0.001	0.379	0.307
0.001	0.001	0.997	0.001
0.168	0.001	0.711	0.120
0.142	0.745	0.112	0.001
0.001	0.001	0.123	0.875
0.168	0.412	0.112	0.307
0.001	0.001	0.001	0.997
0.307	0.001	0.124	0.568
>MACAAGCKTG	8-MACAAGCKTG,BestGuess:Nr2e3/MA0164.2/Jaspar(0.689)	11.162272	-24.064172	0	T:3.0(30.00%),B:6.6(0.01%),P:1e-10
0.365	0.474	0.160	0.001
0.651	0.160	0.188	0.001
0.001	0.997	0.001	0.001
0.997	0.001	0.001	0.001
0.788	0.210	0.001	0.001
0.146	0.001	0.852	0.001
0.146	0.852	0.001	0.001
0.001	0.188	0.474	0.337
0.001	0.188	0.001	0.810
0.001	0.001	0.997	0.001
>AAGAGCAC	2-AAGAGCAC,BestGuess:ZNF667/MA1984.2/Jaspar(0.713)	4.274322	-22.517623	0	T:8.0(80.00%),B:3384.5(3.76%),P:1e-9
0.997	0.001	0.001	0.001
0.997	0.001	0.001	0.001
0.001	0.001	0.997	0.001
0.997	0.001	0.001	0.001
0.001	0.001	0.997	0.001
0.235	0.733	0.031	0.001
0.962	0.001	0.036	0.001
0.001	0.997	0.001	0.001
>TAGBVAHGTGGC	17-TAGBVAHGTGGC,BestGuess:CREB3L4/MA1474.2/Jaspar(0.658)	7.743174	-21.400959	0	T:8.0(80.00%),B:3896.1(4.32%),P:1e-9
0.343	0.037	0.001	0.619
0.656	0.001	0.001	0.342
0.001	0.033	0.965	0.001
0.001	0.302	0.317	0.380
0.302	0.343	0.354	0.001
0.697	0.001	0.001	0.301
0.302	0.317	0.033	0.347
0.317	0.001	0.649	0.033
0.001	0.033	0.343	0.623
0.001	0.001	0.682	0.316
0.001	0.001	0.997	0.001
0.001	0.656	0.342	0.001
>CTGTGAAGAAGC	18-CTGTGAAGAAGC,BestGuess:ZNF343/MA1711.2/Jaspar(0.601)	12.355432	-20.306757	0	T:3.0(30.00%),B:21.1(0.02%),P:1e-8
0.100	0.700	0.100	0.100
0.100	0.100	0.100	0.700
0.100	0.100	0.700	0.100
0.100	0.100	0.100	0.700
0.100	0.100	0.700	0.100
0.700	0.100	0.100	0.100
0.700	0.100	0.100	0.100
0.100	0.100	0.700	0.100
0.700	0.100	0.100	0.100
0.700	0.100	0.100	0.100
0.100	0.100	0.700	0.100
0.100	0.700	0.100	0.100
>GCTCCTGATT	14-GCTCCTGATT,BestGuess:ETV5::FOXO1/MA1947.2/Jaspar(0.699)	8.148923	-19.804408	0	T:5.0(50.00%),B:571.7(0.63%),P:1e-8
0.001	0.001	0.838	0.160
0.001	0.985	0.013	0.001
0.001	0.001	0.001	0.997
0.001	0.997	0.001	0.001
0.146	0.852	0.001	0.001
0.001	0.001	0.001	0.997
0.001	0.001	0.997	0.001
0.997	0.001	0.001	0.001
0.001	0.001	0.001	0.997
0.014	0.001	0.146	0.839
>GTGBCGCCACTA	19-GTGBCGCCACTA,BestGuess:ZBTB9(Zf)/HEK293T-ZBTB9-ChIP-Seq(GSE251687)/Homer(0.668)	13.143569	-19.011125	0	T:2.0(20.00%),B:0.0(0.00%),P:1e-8
0.001	0.001	0.997	0.001
0.001	0.341	0.001	0.657
0.001	0.001	0.657	0.341
0.001	0.342	0.316	0.342
0.001	0.657	0.341	0.001
0.001	0.001	0.997	0.001
0.001	0.683	0.315	0.001
0.001	0.997	0.001	0.001
0.997	0.001	0.001	0.001
0.001	0.997	0.001	0.001
0.001	0.001	0.315	0.683
0.683	0.315	0.001	0.001
>GCCCMSAKATCC	20-GCCCMSAKATCC,BestGuess:ZNF416/MA1979.2/Jaspar(0.704)	8.767037	-18.362009	0	T:4.0(40.00%),B:241.9(0.27%),P:1e-7
0.001	0.001	0.997	0.001
0.070	0.928	0.001	0.001
0.392	0.606	0.001	0.001
0.001	0.997	0.001	0.001
0.536	0.462	0.001	0.001
0.071	0.392	0.536	0.001
0.997	0.001	0.001	0.001
0.001	0.001	0.462	0.536
0.997	0.001	0.001	0.001
0.001	0.001	0.001	0.997
0.001	0.606	0.001	0.392
0.001	0.997	0.001	0.001
>ACTTTAACAC	17-ACTTTAACAC,BestGuess:Eomes(T-box)/H9-Eomes-ChIP-Seq(GSE26097)/Homer(0.708)	8.385943	-17.879642	0	T:4.0(40.00%),B:272.9(0.30%),P:1e-7
0.997	0.001	0.001	0.001
0.012	0.828	0.001	0.159
0.001	0.001	0.001	0.997
0.001	0.001	0.001	0.997
0.001	0.001	0.001	0.997
0.997	0.001	0.001	0.001
0.840	0.158	0.001	0.001
0.001	0.997	0.001	0.001
0.828	0.001	0.001	0.170
0.001	0.997	0.001	0.001
>AGTCAACAAG	18-AGTCAACAAG,BestGuess:Foxa2(Forkhead)/Liver-Foxa2-ChIP-Seq(GSE25694)/Homer(0.779)	10.271324	-17.257100	0	T:4.0(40.00%),B:318.1(0.35%),P:1e-7
0.997	0.001	0.001	0.001
0.001	0.001	0.997	0.001
0.168	0.001	0.001	0.830
0.001	0.830	0.168	0.001
0.997	0.001	0.001	0.001
0.997	0.001	0.001	0.001
0.001	0.997	0.001	0.001
0.997	0.001	0.001	0.001
0.997	0.001	0.001	0.001
0.001	0.001	0.997	0.001
>GAGGAGGATT	19-GAGGAGGATT,BestGuess:PB0114.1_Egr1_2/Jaspar(0.698)	10.296193	-17.209926	0	T:3.0(30.00%),B:59.9(0.07%),P:1e-7
0.100	0.100	0.700	0.100
0.700	0.100	0.100	0.100
0.100	0.100	0.700	0.100
0.100	0.100	0.700	0.100
0.700	0.100	0.100	0.100
0.100	0.100	0.700	0.100
0.100	0.100	0.700	0.100
0.700	0.100	0.100	0.100
0.100	0.100	0.100	0.700
0.100	0.100	0.100	0.700
>TGCACACGGT	20-TGCACACGGT,BestGuess:PB0044.1_Mtf1_1/Jaspar(0.851)	7.964925	-16.206968	0	T:4.0(40.00%),B:414.3(0.46%),P:1e-7
0.001	0.001	0.001	0.997
0.001	0.001	0.997	0.001
0.001	0.857	0.141	0.001
0.857	0.141	0.001	0.001
0.001	0.997	0.001	0.001
0.997	0.001	0.001	0.001
0.141	0.857	0.001	0.001
0.001	0.001	0.997	0.001
0.001	0.001	0.997	0.001
0.001	0.001	0.001	0.997
>TTGTKTYKMCTG	21-TTGTKTYKMCTG,BestGuess:FOXA2/MA0047.4/Jaspar(0.623)	10.396525	-15.973770	0	T:4.0(40.00%),B:439.2(0.49%),P:1e-6
0.001	0.001	0.001	0.997
0.408	0.001	0.001	0.590
0.408	0.001	0.590	0.001
0.001	0.001	0.001	0.997
0.001	0.001	0.490	0.508
0.001	0.001	0.001	0.997
0.001	0.508	0.001	0.490
0.001	0.082	0.409	0.508
0.490	0.508	0.001	0.001
0.001	0.997	0.001	0.001
0.408	0.001	0.001	0.590
0.001	0.001	0.997	0.001
>GGCAKTKT	11-GGCAKTKT,BestGuess:HIC2/MA0738.2/Jaspar(0.721)	8.713321	-13.682697	0	T:4.0(40.00%),B:782.6(0.87%),P:1e-5
0.001	0.001	0.997	0.001
0.001	0.001	0.997	0.001
0.252	0.513	0.234	0.001
0.997	0.001	0.001	0.001
0.001	0.001	0.432	0.566
0.001	0.234	0.001	0.764
0.001	0.001	0.432	0.566
0.252	0.001	0.001	0.746
>GCCGTGCCCC	22-GCCGTGCCCC,BestGuess:HIC2/MA0738.2/Jaspar(0.700)	7.443316	-13.585840	0	T:3.0(30.00%),B:198.4(0.22%),P:1e-5
0.001	0.001	0.997	0.001
0.001	0.851	0.147	0.001
0.001	0.997	0.001	0.001
0.001	0.001	0.997	0.001
0.001	0.001	0.001	0.997
0.001	0.001	0.997	0.001
0.001	0.997	0.001	0.001
0.001	0.921	0.001	0.077
0.001	0.851	0.147	0.001
0.001	0.997	0.001	0.001
>GGGGCGTAAT	25-GGGGCGTAAT,BestGuess:PB0143.1_Klf7_2/Jaspar(0.753)	10.296193	-9.106329	0	T:1.0(10.00%),B:1.6(0.00%),P:1e-3
0.100	0.100	0.700	0.100
0.100	0.100	0.700	0.100
0.100	0.100	0.700	0.100
0.100	0.100	0.700	0.100
0.100	0.700	0.100	0.100
0.100	0.100	0.700	0.100
0.100	0.100	0.100	0.700
0.700	0.100	0.100	0.100
0.700	0.100	0.100	0.100
0.100	0.100	0.100	0.700
>CTATTATTAACT	23-CTATTATTAACT,BestGuess:Mef2d(MADS)/Retina-Mef2d-ChIP-Seq(GSE61391)/Homer(0.693)	12.355432	-9.106329	0	T:1.0(10.00%),B:0.3(0.00%),P:1e-3
0.100	0.700	0.100	0.100
0.100	0.100	0.100	0.700
0.700	0.100	0.100	0.100
0.100	0.100	0.100	0.700
0.100	0.100	0.100	0.700
0.700	0.100	0.100	0.100
0.100	0.100	0.100	0.700
0.100	0.100	0.100	0.700
0.700	0.100	0.100	0.100
0.700	0.100	0.100	0.100
0.100	0.700	0.100	0.100
0.100	0.100	0.100	0.700
>AGTGTCCT	14-AGTGTCCT,BestGuess:THRb(NR)/Liver-NR1A2-ChIP-Seq(GSE52613)/Homer(0.750)	7.743084	-8.817915	0	T:5.0(50.00%),B:5379.2(5.97%),P:1e-3
0.997	0.001	0.001	0.001
0.295	0.001	0.703	0.001
0.001	0.001	0.001	0.997
0.339	0.001	0.659	0.001
0.259	0.001	0.001	0.739
0.001	0.997	0.001	0.001
0.001	0.997	0.001	0.001
0.001	0.296	0.104	0.599
>TWGGATGTTA	1-TWGGATGTTA,BestGuess:PB0181.1_Spdef_2/Jaspar(0.721)	9.533646	-44.618053	0	T:8.0(80.00%),B:212.5(0.24%),P:1e-19
0.001	0.105	0.278	0.616
0.478	0.103	0.001	0.418
0.001	0.351	0.545	0.103
0.230	0.001	0.768	0.001
0.841	0.019	0.139	0.001
0.104	0.001	0.001	0.894
0.018	0.001	0.980	0.001
0.001	0.001	0.001	0.997
0.001	0.105	0.351	0.543
0.895	0.001	0.103	0.001
>TGVTCCTGATAR	1-TGVTCCTGATAR,BestGuess:PB0022.1_Gata5_1/Jaspar(0.605)	11.277354	-40.683388	0	T:6.0(60.00%),B:42.8(0.05%),P:1e-17
0.001	0.190	0.001	0.808
0.191	0.001	0.491	0.317
0.343	0.338	0.317	0.001
0.001	0.131	0.001	0.867
0.190	0.808	0.001	0.001
0.001	0.655	0.001	0.343
0.131	0.001	0.001	0.867
0.001	0.322	0.676	0.001
0.808	0.190	0.001	0.001
0.132	0.001	0.191	0.676
0.851	0.001	0.001	0.147
0.464	0.001	0.534	0.001
>TTGGTCAGGCAT	3-TTGGTCAGGCAT,BestGuess:BCL11A/MA2324.1/Jaspar(0.757)	12.355432	-37.517021	0	T:4.0(40.00%),B:2.2(0.00%),P:1e-16
0.100	0.100	0.100	0.700
0.100	0.100	0.100	0.700
0.100	0.100	0.700	0.100
0.100	0.100	0.700	0.100
0.100	0.100	0.100	0.700
0.100	0.700	0.100	0.100
0.700	0.100	0.100	0.100
0.100	0.100	0.700	0.100
0.100	0.100	0.700	0.100
0.100	0.700	0.100	0.100
0.700	0.100	0.100	0.100
0.100	0.100	0.100	0.700
>CAGTATAGTGGC	5-CAGTATAGTGGC,BestGuess:ZBTB9(Zf)/HEK293T-ZBTB9-ChIP-Seq(GSE251687)/Homer(0.634)	9.609358	-36.538597	0	T:5.0(50.00%),B:20.5(0.02%),P:1e-15
0.001	0.997	0.001	0.001
0.997	0.001	0.001	0.001
0.001	0.001	0.997	0.001
0.001	0.001	0.001	0.997
0.901	0.001	0.097	0.001
0.097	0.001	0.001	0.901
0.901	0.001	0.001	0.097
0.001	0.001	0.997	0.001
0.001	0.001	0.001	0.997
0.001	0.001	0.997	0.001
0.001	0.001	0.997	0.001
0.001	0.997	0.001	0.001
>TGACAGTG	1-TGACAGTG,BestGuess:MEIS3/MA0775.2/Jaspar(0.828)	8.236954	-35.106406	0	T:9.0(90.00%),B:1415.0(1.57%),P:1e-15
0.100	0.100	0.100	0.700
0.100	0.100	0.700	0.100
0.700	0.100	0.100	0.100
0.100	0.700	0.100	0.100
0.700	0.100	0.100	0.100
0.100	0.100	0.700	0.100
0.100	0.100	0.100	0.700
0.100	0.100	0.700	0.100
>TTTTACCTCCTT	7-TTTTACCTCCTT,BestGuess:HOXC11/MA0651.3/Jaspar(0.658)	7.560686	-31.857857	0	T:6.0(60.00%),B:183.5(0.20%),P:1e-13
0.001	0.001	0.001	0.997
0.001	0.001	0.001	0.997
0.001	0.049	0.001	0.949
0.001	0.001	0.001	0.997
0.997	0.001	0.001	0.001
0.001	0.949	0.001	0.049
0.001	0.997	0.001	0.001
0.001	0.001	0.001	0.997
0.001	0.949	0.001	0.049
0.001	0.997	0.001	0.001
0.001	0.001	0.001	0.997
0.001	0.001	0.001	0.997
>AGCAGTGGGCGC	8-AGCAGTGGGCGC,BestGuess:BORIS(Zf)/K562-CTCFL-ChIP-Seq(GSE32465)/Homer(0.667)	9.609358	-31.079695	0	T:4.0(40.00%),B:10.5(0.01%),P:1e-13
0.901	0.001	0.097	0.001
0.001	0.001	0.997	0.001
0.001	0.997	0.001	0.001
0.997	0.001	0.001	0.001
0.001	0.001	0.997	0.001
0.001	0.001	0.001	0.997
0.001	0.001	0.997	0.001
0.001	0.001	0.901	0.097
0.001	0.097	0.901	0.001
0.001	0.997	0.001	0.001
0.001	0.001	0.997	0.001
0.001	0.997	0.001	0.001
>TGCCACTACGAT	9-TGCCACTACGAT,BestGuess:ZBTB9(Zf)/HEK293T-ZBTB9-ChIP-Seq(GSE251687)/Homer(0.600)	12.355432	-29.440024	0	T:3.0(30.00%),B:0.0(0.00%),P:1e-12
0.100	0.100	0.100	0.700
0.100	0.100	0.700	0.100
0.100	0.700	0.100	0.100
0.100	0.700	0.100	0.100
0.700	0.100	0.100	0.100
0.100	0.700	0.100	0.100
0.100	0.100	0.100	0.700
0.700	0.100	0.100	0.100
0.100	0.700	0.100	0.100
0.100	0.100	0.700	0.100
0.700	0.100	0.100	0.100
0.100	0.100	0.100	0.700
>RAARMCAACAMG	10-RAARMCAACAMG,BestGuess:PB0093.1_Zfp105_1/Jaspar(0.681)	14.341911	-29.440024	0	T:3.0(30.00%),B:1.0(0.00%),P:1e-12
0.431	0.001	0.567	0.001
0.997	0.001	0.001	0.001
0.997	0.001	0.001	0.001
0.567	0.001	0.431	0.001
0.567	0.431	0.001	0.001
0.001	0.997	0.001	0.001
0.997	0.001	0.001	0.001
0.997	0.001	0.001	0.001
0.001	0.997	0.001	0.001
0.997	0.001	0.001	0.001
0.431	0.567	0.001	0.001
0.001	0.001	0.997	0.001
>GCAAGAGGGCCC	12-GCAAGAGGGCCC,BestGuess:ZNF574/MA1982.2/Jaspar(0.706)	15.336634	-28.957555	0	T:4.0(40.00%),B:17.9(0.02%),P:1e-12
0.001	0.001	0.997	0.001
0.001	0.997	0.001	0.001
0.997	0.001	0.001	0.001
0.997	0.001	0.001	0.001
0.001	0.001	0.997	0.001
0.997	0.001	0.001	0.001
0.001	0.001	0.997	0.001
0.282	0.001	0.716	0.001
0.001	0.001	0.997	0.001
0.001	0.997	0.001	0.001
0.001	0.997	0.001	0.001
0.001	0.997	0.001	0.001
>CACTGAGTCGGC	13-CACTGAGTCGGC,BestGuess:MafK(bZIP)/C2C12-MafK-ChIP-Seq(GSE36030)/Homer(0.663)	7.176244	-26.570970	0	T:5.0(50.00%),B:147.9(0.16%),P:1e-11
0.001	0.906	0.001	0.092
0.997	0.001	0.001	0.001
0.001	0.997	0.001	0.001
0.001	0.001	0.001	0.997
0.001	0.001	0.997	0.001
0.993	0.001	0.001	0.005
0.001	0.001	0.997	0.001
0.001	0.001	0.097	0.901
0.097	0.901	0.001	0.001
0.001	0.001	0.993	0.005
0.001	0.001	0.997	0.001
0.093	0.901	0.001	0.005
>AACAAGGCATAT	14-AACAAGGCATAT,BestGuess:PB0061.1_Sox11_1/Jaspar(0.619)	12.355432	-26.144304	0	T:3.0(30.00%),B:3.1(0.00%),P:1e-11
0.700	0.100	0.100	0.100
0.700	0.100	0.100	0.100
0.100	0.700	0.100	0.100
0.700	0.100	0.100	0.100
0.700	0.100	0.100	0.100
0.100	0.100	0.700	0.100
0.100	0.100	0.700	0.100
0.100	0.700	0.100	0.100
0.700	0.100	0.100	0.100
0.100	0.100	0.100	0.700
0.700	0.100	0.100	0.100
0.100	0.100	0.100	0.700
>GATATCCTCG	3-GATATCCTCG,BestGuess:SD0003.1_at_AC_acceptor/Jaspar(0.763)	7.051818	-26.069974	0	T:4.0(40.00%),B:35.3(0.04%),P:1e-11
0.001	0.104	0.894	0.001
0.997	0.001	0.001	0.001
0.001	0.001	0.001	0.997
0.997	0.001	0.001	0.001
0.001	0.001	0.001	0.997
0.001	0.894	0.104	0.001
0.001	0.894	0.001	0.104
0.001	0.001	0.001	0.997
0.001	0.997	0.001	0.001
0.001	0.001	0.997	0.001
>CTTGTGTTCACT	16-CTTGTGTTCACT,BestGuess:PB0016.1_Foxj1_1/Jaspar(0.639)	12.355432	-25.281316	0	T:3.0(30.00%),B:5.0(0.01%),P:1e-10
0.100	0.700	0.100	0.100
0.100	0.100	0.100	0.700
0.100	0.100	0.100	0.700
0.100	0.100	0.700	0.100
0.100	0.100	0.100	0.700
0.100	0.100	0.700	0.100
0.100	0.100	0.100	0.700
0.100	0.100	0.100	0.700
0.100	0.700	0.100	0.100
0.700	0.100	0.100	0.100
0.100	0.700	0.100	0.100
0.100	0.100	0.100	0.700
>TTRATRATAG	5-TTRATRATAG,BestGuess:PB0129.1_Glis2_2/Jaspar(0.732)	7.449072	-23.249610	0	T:5.0(50.00%),B:286.3(0.32%),P:1e-10
0.001	0.001	0.001	0.997
0.001	0.001	0.001	0.997
0.467	0.001	0.531	0.001
0.997	0.001	0.001	0.001
0.001	0.001	0.001	0.997
0.544	0.001	0.454	0.001
0.922	0.001	0.076	0.001
0.001	0.001	0.001	0.997
0.997	0.001	0.001	0.001
0.001	0.076	0.922	0.001
>CCAATTTTGTTA	18-CCAATTTTGTTA,BestGuess:PB0002.1_Arid5a_1/Jaspar(0.664)	9.609358	-23.202107	0	T:3.0(30.00%),B:8.2(0.01%),P:1e-10
0.001	0.997	0.001	0.001
0.001	0.997	0.001	0.001
0.997	0.001	0.001	0.001
0.997	0.001	0.001	0.001
0.001	0.001	0.001	0.997
0.097	0.001	0.001	0.901
0.001	0.097	0.001	0.901
0.001	0.001	0.001	0.997
0.001	0.001	0.997	0.001
0.097	0.001	0.001	0.901
0.001	0.001	0.001	0.997
0.997	0.001	0.001	0.001
>TCTTGCTTGC	6-TCTTGCTTGC,BestGuess:Elf5/MA0136.4/Jaspar(0.649)	10.004261	-22.768050	0	T:5.0(50.00%),B:315.8(0.35%),P:1e-9
0.001	0.001	0.001	0.997
0.001	0.997	0.001	0.001
0.001	0.001	0.001	0.997
0.001	0.001	0.001	0.997
0.001	0.147	0.851	0.001
0.001	0.997	0.001	0.001
0.001	0.001	0.001	0.997
0.001	0.001	0.147	0.851
0.001	0.001	0.997	0.001
0.001	0.997	0.001	0.001
>GAAACTTGATGA	19-GAAACTTGATGA,BestGuess:SIX2/MA1119.2/Jaspar(0.747)	9.609358	-22.532793	0	T:3.0(30.00%),B:10.2(0.01%),P:1e-9
0.001	0.001	0.997	0.001
0.997	0.001	0.001	0.001
0.997	0.001	0.001	0.001
0.901	0.001	0.097	0.001
0.001	0.997	0.001	0.001
0.001	0.001	0.001	0.997
0.001	0.097	0.001	0.901
0.001	0.001	0.901	0.097
0.997	0.001	0.001	0.001
0.001	0.001	0.001	0.997
0.001	0.001	0.997	0.001
0.997	0.001	0.001	0.001
>AAGAGCAC	3-AAGAGCAC,BestGuess:ZNF667/MA1984.2/Jaspar(0.713)	4.274322	-22.387444	0	T:8.0(80.00%),B:3441.8(3.82%),P:1e-9
0.997	0.001	0.001	0.001
0.997	0.001	0.001	0.001
0.001	0.001	0.997	0.001
0.997	0.001	0.001	0.001
0.001	0.001	0.997	0.001
0.233	0.735	0.031	0.001
0.962	0.001	0.036	0.001
0.001	0.997	0.001	0.001
>CTCCTGGGGGTG	20-CTCCTGGGGGTG,BestGuess:PB0103.1_Zic3_1/Jaspar(0.645)	10.688647	-22.384843	0	T:4.0(40.00%),B:88.3(0.10%),P:1e-9
0.001	0.859	0.001	0.139
0.001	0.001	0.001	0.997
0.001	0.997	0.001	0.001
0.001	0.997	0.001	0.001
0.001	0.001	0.001	0.997
0.001	0.001	0.997	0.001
0.001	0.001	0.997	0.001
0.001	0.139	0.859	0.001
0.001	0.001	0.859	0.139
0.001	0.001	0.997	0.001
0.001	0.001	0.001	0.997
0.001	0.001	0.997	0.001
>GATAGAAG	4-GATAGAAG,BestGuess:OSR2/MA1646.2/Jaspar(0.664)	6.881185	-21.717393	0	T:6.0(60.00%),B:997.9(1.11%),P:1e-9
0.001	0.001	0.997	0.001
0.997	0.001	0.001	0.001
0.001	0.001	0.001	0.997
0.997	0.001	0.001	0.001
0.001	0.001	0.997	0.001
0.875	0.001	0.001	0.123
0.997	0.001	0.001	0.001
0.001	0.123	0.875	0.001
>TCATGGGGGATC	22-TCATGGGGGATC,BestGuess:GLIS1/MA0735.2/Jaspar(0.719)	9.609358	-21.316689	0	T:3.0(30.00%),B:16.0(0.02%),P:1e-9
0.001	0.001	0.001	0.997
0.001	0.997	0.001	0.001
0.997	0.001	0.001	0.001
0.001	0.001	0.001	0.997
0.001	0.001	0.997	0.001
0.001	0.001	0.901	0.097
0.097	0.001	0.901	0.001
0.001	0.001	0.997	0.001
0.001	0.001	0.997	0.001
0.901	0.097	0.001	0.001
0.001	0.001	0.001	0.997
0.001	0.997	0.001	0.001
>GCACCAGATC	9-GCACCAGATC,BestGuess:TWIST1/MA1123.3/Jaspar(0.644)	10.296193	-20.453934	0	T:3.0(30.00%),B:20.1(0.02%),P:1e-8
0.100	0.100	0.700	0.100
0.100	0.700	0.100	0.100
0.700	0.100	0.100	0.100
0.100	0.700	0.100	0.100
0.100	0.700	0.100	0.100
0.700	0.100	0.100	0.100
0.100	0.100	0.700	0.100
0.700	0.100	0.100	0.100
0.100	0.100	0.100	0.700
0.100	0.700	0.100	0.100
>GAGCAAGTCGAA	23-GAGCAAGTCGAA,BestGuess:PRDM1/MA0508.4/Jaspar(0.625)	16.194495	-19.011702	0	T:2.0(20.00%),B:0.0(0.00%),P:1e-8
0.001	0.001	0.997	0.001
0.997	0.001	0.001	0.001
0.097	0.001	0.901	0.001
0.001	0.997	0.001	0.001
0.997	0.001	0.001	0.001
0.997	0.001	0.001	0.001
0.001	0.001	0.997	0.001
0.001	0.001	0.097	0.901
0.001	0.997	0.001	0.001
0.097	0.001	0.901	0.001
0.901	0.001	0.001	0.097
0.997	0.001	0.001	0.001
>TCAGCTCTAC	14-TCAGCTCTAC,BestGuess:Ap4(bHLH)/AML-Tfap4-ChIP-Seq(GSE45738)/Homer(0.618)	8.229503	-18.837003	0	T:4.0(40.00%),B:214.6(0.24%),P:1e-8
0.001	0.001	0.154	0.844
0.154	0.844	0.001	0.001
0.997	0.001	0.001	0.001
0.001	0.001	0.997	0.001
0.001	0.997	0.001	0.001
0.001	0.001	0.001	0.997
0.001	0.997	0.001	0.001
0.001	0.001	0.001	0.997
0.997	0.001	0.001	0.001
0.001	0.844	0.001	0.154
>GAGGAGGATT	15-GAGGAGGATT,BestGuess:PB0114.1_Egr1_2/Jaspar(0.698)	10.296193	-17.767359	0	T:3.0(30.00%),B:49.4(0.05%),P:1e-7
0.100	0.100	0.700	0.100
0.700	0.100	0.100	0.100
0.100	0.100	0.700	0.100
0.100	0.100	0.700	0.100
0.700	0.100	0.100	0.100
0.100	0.100	0.700	0.100
0.100	0.100	0.700	0.100
0.700	0.100	0.100	0.100
0.100	0.100	0.100	0.700
0.100	0.100	0.100	0.700
>CASCCTGWYT	16-CASCCTGWYT,BestGuess:CTCFL/MA1102.3/Jaspar(0.725)	9.617070	-16.486735	0	T:4.0(40.00%),B:386.3(0.43%),P:1e-7
0.001	0.997	0.001	0.001
0.506	0.231	0.001	0.262
0.001	0.541	0.457	0.001
0.261	0.737	0.001	0.001
0.001	0.997	0.001	0.001
0.042	0.001	0.001	0.956
0.040	0.001	0.958	0.001
0.310	0.231	0.001	0.457
0.001	0.457	0.001	0.541
0.001	0.262	0.272	0.465
>CATCATGAGA	17-CATCATGAGA,BestGuess:POU6F1/MA1549.2/Jaspar(0.676)	11.100912	-16.261337	0	T:3.0(30.00%),B:81.5(0.09%),P:1e-7
0.001	0.997	0.001	0.001
0.662	0.336	0.001	0.001
0.001	0.001	0.001	0.997
0.001	0.604	0.394	0.001
0.997	0.001	0.001	0.001
0.001	0.001	0.336	0.662
0.001	0.001	0.662	0.336
0.997	0.001	0.001	0.001
0.001	0.001	0.604	0.394
0.604	0.394	0.001	0.001
>ACATGTAGTC	19-ACATGTAGTC,BestGuess:PH0083.1_Irx3_1/Jaspar(0.772)	10.097301	-15.211869	0	T:3.0(30.00%),B:115.4(0.13%),P:1e-6
0.844	0.001	0.001	0.154
0.001	0.997	0.001	0.001
0.997	0.001	0.001	0.001
0.001	0.001	0.001	0.997
0.001	0.001	0.997	0.001
0.001	0.001	0.001	0.997
0.997	0.001	0.001	0.001
0.001	0.001	0.997	0.001
0.001	0.001	0.154	0.844
0.001	0.997	0.001	0.001
>CTGCTGGCGA	20-CTGCTGGCGA,BestGuess:Zic3/MA0697.3/Jaspar(0.705)	8.089943	-15.185953	0	T:3.0(30.00%),B:116.9(0.13%),P:1e-6
0.147	0.851	0.001	0.001
0.001	0.001	0.001	0.997
0.001	0.001	0.997	0.001
0.001	0.997	0.001	0.001
0.001	0.001	0.001	0.997
0.001	0.001	0.851	0.147
0.001	0.001	0.851	0.147
0.001	0.997	0.001	0.001
0.001	0.001	0.997	0.001
0.997	0.001	0.001	0.001
>GGCATTTT	12-GGCATTTT,BestGuess:HIC2/MA0738.2/Jaspar(0.721)	8.718511	-13.734784	0	T:4.0(40.00%),B:772.7(0.86%),P:1e-5
0.001	0.001	0.997	0.001
0.001	0.001	0.997	0.001
0.261	0.504	0.234	0.001
0.997	0.001	0.001	0.001
0.001	0.001	0.422	0.576
0.001	0.234	0.001	0.764
0.001	0.001	0.422	0.576
0.261	0.001	0.001	0.737
>GCCGTGCCCC	24-GCCGTGCCCC,BestGuess:HIC2/MA0738.2/Jaspar(0.701)	7.428016	-13.178344	0	T:3.0(30.00%),B:227.4(0.25%),P:1e-5
0.001	0.001	0.997	0.001
0.001	0.845	0.153	0.001
0.001	0.997	0.001	0.001
0.001	0.001	0.997	0.001
0.001	0.001	0.001	0.997
0.001	0.001	0.997	0.001
0.001	0.997	0.001	0.001
0.001	0.928	0.001	0.070
0.001	0.845	0.153	0.001
0.001	0.997	0.001	0.001
>AGTGTCCG	13-AGTGTCCG,BestGuess:HINFP(Zf)/K562-HINFP.eGFP-ChIP-Seq(Encode)/Homer(0.690)	8.236954	-13.074904	0	T:3.0(30.00%),B:235.3(0.26%),P:1e-5
0.700	0.100	0.100	0.100
0.100	0.100	0.700	0.100
0.100	0.100	0.100	0.700
0.100	0.100	0.700	0.100
0.100	0.100	0.100	0.700
0.100	0.700	0.100	0.100
0.100	0.700	0.100	0.100
0.100	0.100	0.700	0.100
>GGGGCGTAAT	25-GGGGCGTAAT,BestGuess:PB0143.1_Klf7_2/Jaspar(0.753)	10.296193	-8.413520	0	T:1.0(10.00%),B:2.9(0.00%),P:1e-3
0.100	0.100	0.700	0.100
0.100	0.100	0.700	0.100
0.100	0.100	0.700	0.100
0.100	0.100	0.700	0.100
0.100	0.700	0.100	0.100
0.100	0.100	0.700	0.100
0.100	0.100	0.100	0.700
0.700	0.100	0.100	0.100
0.700	0.100	0.100	0.100
0.100	0.100	0.100	0.700
>TGACAGTG	1-TGACAGTG,BestGuess:MEIS3/MA0775.2/Jaspar(0.828)	8.236954	-39.591666	0	T:9.0(90.00%),B:0.3(0.27%),P:1e-17
0.100	0.100	0.100	0.700
0.100	0.100	0.700	0.100
0.700	0.100	0.100	0.100
0.100	0.700	0.100	0.100
0.700	0.100	0.100	0.100
0.100	0.100	0.700	0.100
0.100	0.100	0.100	0.700
0.100	0.100	0.700	0.100
>TTGTGTTCACTG	2-TTGTGTTCACTG,BestGuess:PB0016.1_Foxj1_1/Jaspar(0.690)	8.675057	-33.442023	0	T:8.0(80.00%),B:0.0(0.00%),P:1e-14
0.268	0.001	0.001	0.730
0.001	0.001	0.001	0.997
0.001	0.269	0.621	0.109
0.001	0.001	0.001	0.997
0.001	0.001	0.997	0.001
0.001	0.001	0.001	0.997
0.109	0.269	0.001	0.621
0.001	0.621	0.109	0.269
0.997	0.001	0.001	0.001
0.377	0.621	0.001	0.001
0.001	0.001	0.001	0.997
0.001	0.001	0.997	0.001
>CTCTTGCTTGCAGTA	1-CTCTTGCTTGCAGTA,BestGuess:Nanog/MA2339.1/Jaspar(0.565)	2.673840	-33.442023	0	T:8.0(80.00%),B:0.0(0.00%),P:1e-14
0.001	0.710	0.087	0.202
0.001	0.001	0.288	0.710
0.001	0.997	0.001	0.001
0.001	0.001	0.087	0.911
0.001	0.001	0.001	0.997
0.001	0.001	0.997	0.001
0.001	0.797	0.001	0.201
0.001	0.001	0.001	0.997
0.001	0.001	0.288	0.710
0.001	0.087	0.911	0.001
0.001	0.997	0.001	0.001
0.797	0.001	0.001	0.201
0.001	0.087	0.710	0.202
0.001	0.001	0.001	0.997
0.997	0.001	0.001	0.001
>ATBDGTCAGGCT	3-ATBDGTCAGGCT,BestGuess:PAX3:FKHR-fusion(Paired,Homeobox)/Rh4-PAX3:FKHR-ChIP-Seq(GSE19063)/Homer(0.724)	10.595615	-27.815332	0	T:7.0(70.00%),B:1.1(1.05%),P:1e-12
0.669	0.001	0.329	0.001
0.001	0.001	0.198	0.800
0.100	0.330	0.231	0.340
0.330	0.100	0.340	0.231
0.099	0.001	0.899	0.001
0.230	0.099	0.001	0.670
0.099	0.801	0.099	0.001
0.997	0.001	0.001	0.001
0.199	0.099	0.701	0.001
0.100	0.100	0.700	0.100
0.001	0.899	0.099	0.001
0.339	0.001	0.099	0.561
>GATCTGTC	2-GATCTGTC,BestGuess:PH0140.1_Pknox1/Jaspar(0.705)	7.889590	-27.815332	0	T:7.0(70.00%),B:0.0(0.00%),P:1e-12
0.001	0.001	0.997	0.001
0.997	0.001	0.001	0.001
0.001	0.001	0.001	0.997
0.001	0.710	0.001	0.288
0.001	0.001	0.144	0.854
0.001	0.001	0.997	0.001
0.001	0.001	0.001	0.997
0.001	0.997	0.001	0.001
>AATGTTAT	3-AATGTTAT,BestGuess:Arid5a/MA0602.2/Jaspar(0.714)	7.752159	-27.815332	0	T:7.0(70.00%),B:1.8(1.70%),P:1e-12
0.506	0.149	0.344	0.001
0.850	0.148	0.001	0.001
0.001	0.001	0.001	0.997
0.149	0.001	0.701	0.149
0.148	0.001	0.001	0.850
0.149	0.149	0.001	0.701
0.850	0.001	0.148	0.001
0.343	0.001	0.001	0.655
>CAGGMTGTGA	1-CAGGMTGTGA,BestGuess:PGR/MA2327.1/Jaspar(0.707)	8.838712	-24.687563	0	T:8.0(80.00%),B:3.6(3.45%),P:1e-10
0.001	0.616	0.001	0.382
0.799	0.001	0.001	0.199
0.001	0.382	0.616	0.001
0.001	0.382	0.616	0.001
0.548	0.450	0.001	0.001
0.001	0.001	0.001	0.997
0.001	0.001	0.997	0.001
0.001	0.001	0.165	0.833
0.001	0.382	0.616	0.001
0.616	0.001	0.001	0.382
>TCAAGATYMY	2-TCAAGATYMY,BestGuess:ESRRB/MA0141.4/Jaspar(0.741)	7.357018	-24.687563	0	T:8.0(80.00%),B:3.5(3.29%),P:1e-10
0.001	0.420	0.001	0.578
0.001	0.997	0.001	0.001
0.649	0.349	0.001	0.001
0.994	0.001	0.004	0.001
0.001	0.001	0.997	0.001
0.764	0.001	0.060	0.175
0.001	0.001	0.001	0.997
0.175	0.475	0.001	0.349
0.465	0.360	0.001	0.175
0.175	0.420	0.001	0.404
>TGTSWYAGRS	3-TGTSWYAGRS,BestGuess:Tbox:Smad(T-box,MAD)/ESCd5-Smad2_3-ChIP-Seq(GSE29422)/Homer(0.666)	10.155854	-22.609433	0	T:6.0(60.00%),B:0.0(0.00%),P:1e-9
0.001	0.001	0.011	0.987
0.001	0.001	0.997	0.001
0.026	0.001	0.001	0.972
0.001	0.523	0.475	0.001
0.528	0.001	0.001	0.470
0.001	0.539	0.001	0.459
0.997	0.001	0.001	0.001
0.001	0.037	0.961	0.001
0.459	0.027	0.459	0.054
0.001	0.485	0.513	0.001
>CANATCATGATGATV	3-CANATCATGATGATV,BestGuess:PH0152.1_Pou6f1_2/Jaspar(0.667)	10.260733	-22.609433	0	T:6.0(60.00%),B:0.0(0.00%),P:1e-9
0.192	0.583	0.075	0.150
0.575	0.019	0.075	0.331
0.248	0.181	0.323	0.247
0.515	0.334	0.150	0.001
0.001	0.001	0.074	0.924
0.150	0.767	0.008	0.075
0.849	0.075	0.075	0.001
0.019	0.001	0.346	0.634
0.001	0.323	0.495	0.181
0.676	0.001	0.248	0.075
0.001	0.173	0.075	0.751
0.075	0.094	0.583	0.248
0.676	0.075	0.248	0.001
0.075	0.075	0.173	0.677
0.248	0.271	0.331	0.150
>AAAACAACAC	5-AAAACAACAC,BestGuess:PB0122.1_Foxk1_2/Jaspar(0.794)	5.982962	-17.780195	0	T:5.0(50.00%),B:1.9(1.84%),P:1e-7
0.997	0.001	0.001	0.001
0.997	0.001	0.001	0.001
0.849	0.001	0.149	0.001
0.937	0.043	0.001	0.019
0.043	0.913	0.043	0.001
0.997	0.001	0.001	0.001
0.997	0.001	0.001	0.001
0.001	0.997	0.001	0.001
0.997	0.001	0.001	0.001
0.149	0.849	0.001	0.001
>GCCTGCATGCKG	4-GCCTGCATGCKG,BestGuess:TFAP2A/MA0810.2/Jaspar(0.625)	10.187462	-17.780195	0	T:5.0(50.00%),B:0.0(0.00%),P:1e-7
0.001	0.129	0.869	0.001
0.001	0.828	0.170	0.001
0.129	0.869	0.001	0.001
0.131	0.167	0.262	0.440
0.299	0.001	0.699	0.001
0.001	0.961	0.037	0.001
0.471	0.130	0.259	0.141
0.038	0.004	0.400	0.558
0.001	0.001	0.997	0.001
0.337	0.533	0.129	0.001
0.049	0.133	0.389	0.429
0.130	0.001	0.739	0.130
>GCCACTAT	5-GCCACTAT,BestGuess:ZBTB9(Zf)/HEK293T-ZBTB9-ChIP-Seq(GSE251687)/Homer(0.760)	10.088493	-17.780195	0	T:5.0(50.00%),B:1.3(1.28%),P:1e-7
0.001	0.001	0.997	0.001
0.001	0.997	0.001	0.001
0.001	0.997	0.001	0.001
0.997	0.001	0.001	0.001
0.001	0.997	0.001	0.001
0.001	0.001	0.001	0.997
0.997	0.001	0.001	0.001
0.001	0.375	0.001	0.623
>GCTTTCGA	7-GCTTTCGA,BestGuess:BCL6/MA0463.3/Jaspar(0.767)	6.291044	-14.354564	0	T:5.0(50.00%),B:2.2(2.05%),P:1e-6
0.100	0.100	0.700	0.100
0.100	0.700	0.100	0.100
0.100	0.100	0.100	0.700
0.100	0.100	0.100	0.700
0.100	0.100	0.100	0.700
0.100	0.700	0.100	0.100
0.100	0.100	0.700	0.100
0.700	0.100	0.100	0.100
>KWCTRYMARR	7-KWCTRYMARR,BestGuess:NF1-halfsite(CTF)/LNCaP-NF1-ChIP-Seq(Unpublished)/Homer(0.628)	9.527651	-13.314586	0	T:4.0(40.00%),B:0.6(0.56%),P:1e-5
0.001	0.001	0.459	0.539
0.459	0.001	0.001	0.539
0.001	0.997	0.001	0.001
0.001	0.001	0.001	0.997
0.539	0.001	0.459	0.001
0.001	0.539	0.001	0.459
0.539	0.459	0.001	0.001
0.997	0.001	0.001	0.001
0.539	0.001	0.459	0.001
0.539	0.001	0.459	0.001
>SCGTGCTGSC	8-SCGTGCTGSC,BestGuess:ZNF549/MA1728.2/Jaspar(0.760)	8.319839	-13.314586	0	T:4.0(40.00%),B:1.5(1.41%),P:1e-5
0.001	0.453	0.545	0.001
0.227	0.545	0.001	0.227
0.001	0.226	0.772	0.001
0.001	0.227	0.227	0.545
0.227	0.227	0.545	0.001
0.226	0.772	0.001	0.001
0.001	0.045	0.001	0.953
0.001	0.001	0.997	0.001
0.001	0.545	0.453	0.001
0.001	0.997	0.001	0.001
>AGAGGGCCCTGC	5-AGAGGGCCCTGC,BestGuess:ZNF331/MA1726.2/Jaspar(0.678)	10.409522	-13.314586	0	T:4.0(40.00%),B:0.0(0.00%),P:1e-5
0.700	0.100	0.100	0.100
0.100	0.100	0.700	0.100
0.700	0.100	0.100	0.100
0.100	0.100	0.700	0.100
0.100	0.100	0.700	0.100
0.100	0.100	0.700	0.100
0.100	0.700	0.100	0.100
0.100	0.700	0.100	0.100
0.100	0.700	0.100	0.100
0.100	0.100	0.100	0.700
0.100	0.100	0.700	0.100
0.100	0.700	0.100	0.100
>GGGCGTGC	9-GGGCGTGC,BestGuess:KLF6/MA1517.2/Jaspar(0.798)	9.563241	-13.314586	0	T:4.0(40.00%),B:0.0(0.00%),P:1e-5
0.001	0.332	0.666	0.001
0.001	0.001	0.997	0.001
0.001	0.001	0.997	0.001
0.001	0.666	0.332	0.001
0.001	0.001	0.997	0.001
0.001	0.001	0.001	0.997
0.001	0.001	0.997	0.001
0.001	0.997	0.001	0.001
>AGCTTGTT	12-AGCTTGTT,BestGuess:Nr2e3/MA0164.2/Jaspar(0.670)	9.159780	-9.224496	0	T:3.0(30.00%),B:0.8(0.75%),P:1e-4
0.666	0.001	0.001	0.332
0.001	0.001	0.997	0.001
0.001	0.997	0.001	0.001
0.001	0.001	0.332	0.666
0.001	0.001	0.001	0.997
0.001	0.332	0.666	0.001
0.001	0.001	0.001	0.997
0.001	0.001	0.001	0.997
