>YMAKACCARNACTMS	1-SKAGTNYTGGTMTKR	7.793177	-31.341491	0	T:7.0(63.64%),B:0.7(0.34%),P:1e-13
0.093	0.289	0.233	0.384
0.339	0.452	0.116	0.093
0.873	0.093	0.001	0.033
0.147	0.062	0.427	0.364
0.694	0.097	0.147	0.062
0.171	0.478	0.259	0.093
0.304	0.481	0.070	0.145
0.937	0.031	0.001	0.031
0.511	0.062	0.392	0.035
0.238	0.238	0.247	0.277
0.789	0.062	0.147	0.002
0.260	0.562	0.033	0.145
0.178	0.209	0.062	0.551
0.425	0.337	0.176	0.062
0.157	0.405	0.260	0.178
