>SKAGTNYTGGTMTKR	1-SKAGTNYTGGTMTKR,BestGuess:PB0120.1_Foxj1_2/Jaspar(0.642)	7.793177	-31.341491	0	T:7.0(63.64%),B:0.7(0.34%),P:1e-13
0.178	0.260	0.405	0.157
0.062	0.176	0.337	0.425
0.551	0.062	0.209	0.178
0.145	0.033	0.562	0.260
0.002	0.147	0.062	0.789
0.277	0.247	0.238	0.238
0.035	0.392	0.062	0.511
0.031	0.001	0.031	0.937
0.145	0.070	0.481	0.304
0.093	0.259	0.478	0.171
0.062	0.147	0.097	0.694
0.364	0.427	0.062	0.147
0.033	0.001	0.093	0.873
0.093	0.116	0.452	0.339
0.384	0.233	0.289	0.093
