>ABATCATCATBASAD	2-HTSTVATGATGATVT	6.851832	-22.854976	0	T:7.0(70.00%),B:2.9(2.77%),P:1e-9
0.736	0.079	0.079	0.106
0.079	0.314	0.371	0.236
0.920	0.001	0.078	0.001
0.001	0.157	0.260	0.582
0.079	0.657	0.185	0.079
0.660	0.157	0.001	0.182
0.235	0.001	0.078	0.686
0.157	0.607	0.079	0.157
0.554	0.001	0.157	0.288
0.079	0.079	0.157	0.685
0.157	0.261	0.268	0.314
0.997	0.001	0.001	0.001
0.157	0.339	0.398	0.106
0.606	0.236	0.079	0.079
0.236	0.079	0.366	0.319
