>HTSTVATGATGATVT	2-HTSTVATGATGATVT,BestGuess:PH0017.1_Cux1_2/Jaspar(0.626)	6.851832	-22.854976	0	T:7.0(70.00%),B:2.9(2.77%),P:1e-9
0.319	0.366	0.079	0.236
0.079	0.079	0.236	0.606
0.106	0.398	0.339	0.157
0.001	0.001	0.001	0.997
0.314	0.268	0.261	0.157
0.685	0.157	0.079	0.079
0.288	0.157	0.001	0.554
0.157	0.079	0.607	0.157
0.686	0.078	0.001	0.235
0.182	0.001	0.157	0.660
0.079	0.185	0.657	0.079
0.582	0.260	0.157	0.001
0.001	0.078	0.001	0.920
0.236	0.371	0.314	0.079
0.106	0.079	0.079	0.736
