>TGGTDTCCCCCT	1-TGGTDTCCCCCT	8.812335	-25.705628	0	T:6.0(54.55%),B:0.0(0.00%),P:1e-11	Tpos:92.1,Tstd:53.4,Bpos:0.0,Bstd:0.0,StrandBias:0.4,Multiplicity:1.17
0.001	0.309	0.029	0.661
0.397	0.001	0.601	0.001
0.001	0.001	0.997	0.001
0.001	0.330	0.008	0.661
0.330	0.001	0.310	0.360
0.001	0.329	0.001	0.669
0.309	0.603	0.001	0.087
0.310	0.603	0.058	0.029
0.001	0.902	0.001	0.096
0.029	0.602	0.038	0.331
0.001	0.969	0.001	0.029
0.001	0.001	0.001	0.997
>CAKTRYRMWGCT	2-CAKTRYRMWGCT	11.238931	-25.705628	0	T:6.0(54.55%),B:0.2(0.10%),P:1e-11	Tpos:91.1,Tstd:47.3,Bpos:33.0,Bstd:0.0,StrandBias:0.0,Multiplicity:1.33
0.001	0.997	0.001	0.001
0.997	0.001	0.001	0.001
0.001	0.001	0.568	0.430
0.001	0.001	0.137	0.861
0.430	0.001	0.568	0.001
0.001	0.430	0.001	0.568
0.568	0.001	0.430	0.001
0.568	0.430	0.001	0.001
0.430	0.001	0.001	0.568
0.001	0.001	0.997	0.001
0.001	0.997	0.001	0.001
0.001	0.001	0.001	0.997
>GGGKTWWGGKTW	3-GGGKTWWGGKTW	7.476013	-21.568193	0	T:6.0(54.55%),B:2.0(1.00%),P:1e-9	Tpos:45.2,Tstd:40.6,Bpos:149.5,Bstd:15.1,StrandBias:10.0,Multiplicity:1.50
0.191	0.105	0.512	0.192
0.029	0.057	0.752	0.162
0.094	0.121	0.695	0.090
0.062	0.002	0.504	0.432
0.057	0.001	0.150	0.792
0.411	0.003	0.146	0.441
0.376	0.001	0.206	0.417
0.087	0.001	0.610	0.302
0.057	0.001	0.883	0.059
0.029	0.162	0.377	0.432
0.192	0.057	0.058	0.693
0.341	0.093	0.192	0.373
>TTTTAAAAATAA	4-TTTTAAAAATAA	9.318386	-21.568193	0	T:6.0(54.55%),B:2.9(1.44%),P:1e-9	Tpos:76.6,Tstd:49.8,Bpos:69.9,Bstd:35.2,StrandBias:-0.2,Multiplicity:2.17
0.001	0.001	0.001	0.997
0.379	0.001	0.001	0.619
0.379	0.001	0.001	0.619
0.001	0.001	0.379	0.619
0.895	0.001	0.001	0.103
0.997	0.001	0.001	0.001
0.895	0.103	0.001	0.001
0.997	0.001	0.001	0.001
0.997	0.001	0.001	0.001
0.217	0.001	0.001	0.781
0.619	0.001	0.379	0.001
0.997	0.001	0.001	0.001
>ARTATTBGTCTK	5-ARTATTBGTCTK	9.339681	-20.405880	0	T:5.0(45.45%),B:0.6(0.29%),P:1e-8	Tpos:100.6,Tstd:53.5,Bpos:74.7,Bstd:3.2,StrandBias:10.0,Multiplicity:2.60
0.852	0.001	0.146	0.001
0.475	0.001	0.523	0.001
0.001	0.146	0.146	0.707
0.997	0.001	0.001	0.001
0.001	0.001	0.001	0.997
0.001	0.001	0.001	0.997
0.001	0.329	0.340	0.329
0.001	0.329	0.669	0.001
0.001	0.001	0.329	0.669
0.001	0.852	0.146	0.001
0.001	0.001	0.001	0.997
0.001	0.001	0.523	0.475
>ATGATCAAGTGG	6-ATGATCAAGTGG	2.149895	-16.135301	0	T:6.0(54.55%),B:5.6(2.78%),P:1e-7	Tpos:75.2,Tstd:47.2,Bpos:85.6,Bstd:45.0,StrandBias:0.8,Multiplicity:1.50
0.965	0.017	0.001	0.017
0.001	0.001	0.001	0.997
0.001	0.001	0.997	0.001
0.772	0.001	0.001	0.226
0.001	0.001	0.001	0.997
0.105	0.877	0.001	0.017
0.997	0.001	0.001	0.001
0.757	0.001	0.104	0.138
0.001	0.209	0.789	0.001
0.105	0.001	0.017	0.877
0.001	0.001	0.894	0.104
0.001	0.001	0.997	0.001
>GTGTGGGTGTGG	7-GTGTGGGTGTGG	12.355432	-6.629127	0	T:2.0(18.18%),B:0.0(0.00%),P:1e-2	Tpos:96.0,Tstd:25.2,Bpos:0.0,Bstd:0.0,StrandBias:10.0,Multiplicity:7.00
0.100	0.100	0.700	0.100
0.100	0.100	0.100	0.700
0.100	0.100	0.700	0.100
0.100	0.100	0.100	0.700
0.100	0.100	0.700	0.100
0.100	0.100	0.700	0.100
0.100	0.100	0.700	0.100
0.100	0.100	0.100	0.700
0.100	0.100	0.700	0.100
0.100	0.100	0.100	0.700
0.100	0.100	0.700	0.100
0.100	0.100	0.700	0.100
