>TTTGATATCWGTGTW	1-TTTGATATCWGTGTW	8.659762	-43.731386	0	T:9.0(81.82%),B:1.3(0.67%),P:1e-18	Tpos:103.8,Tstd:45.5,Bpos:147.5,Bstd:19.3,StrandBias:1.4,Multiplicity:1.22
0.001	0.001	0.001	0.997
0.001	0.231	0.231	0.537
0.001	0.231	0.001	0.767
0.001	0.231	0.537	0.231
0.478	0.001	0.289	0.231
0.001	0.231	0.001	0.767
0.767	0.231	0.001	0.001
0.001	0.231	0.231	0.537
0.001	0.752	0.001	0.246
0.536	0.001	0.001	0.462
0.231	0.231	0.537	0.001
0.231	0.001	0.305	0.463
0.001	0.001	0.997	0.001
0.231	0.001	0.231	0.537
0.520	0.001	0.016	0.463
>GAGWATTKTTTTGCT	2-GAGWATTKTTTTGCT	10.161374	-31.341491	0	T:7.0(63.64%),B:0.0(0.00%),P:1e-13	Tpos:62.3,Tstd:50.8,Bpos:0.0,Bstd:0.0,StrandBias:3.0,Multiplicity:1.29
0.360	0.001	0.638	0.001
0.678	0.001	0.163	0.158
0.005	0.158	0.679	0.158
0.316	0.163	0.158	0.362
0.841	0.001	0.157	0.001
0.157	0.001	0.001	0.841
0.001	0.157	0.001	0.841
0.001	0.044	0.481	0.474
0.001	0.044	0.322	0.633
0.001	0.001	0.157	0.841
0.158	0.209	0.158	0.475
0.158	0.001	0.158	0.683
0.001	0.001	0.796	0.202
0.316	0.679	0.001	0.004
0.164	0.001	0.158	0.677
>TTTTCCTTGTCTGCG	3-TTTTCCTTGTCTGCG	9.658392	-31.341491	0	T:7.0(63.64%),B:0.0(0.00%),P:1e-13	Tpos:106.3,Tstd:33.7,Bpos:0.0,Bstd:0.0,StrandBias:1.3,Multiplicity:1.00
0.104	0.001	0.138	0.757
0.001	0.001	0.001	0.997
0.001	0.001	0.137	0.861
0.001	0.001	0.001	0.997
0.001	0.997	0.001	0.001
0.001	0.997	0.001	0.001
0.001	0.001	0.001	0.997
0.001	0.001	0.001	0.997
0.001	0.033	0.757	0.209
0.001	0.104	0.001	0.894
0.001	0.894	0.001	0.104
0.001	0.001	0.001	0.997
0.104	0.001	0.894	0.001
0.001	0.757	0.138	0.104
0.001	0.001	0.756	0.242
>KKGGGTGWGGGTKWG	4-KKGGGTGWGGGTKWG	7.260654	-15.538520	0	T:10.0(90.91%),B:34.6(17.14%),P:1e-6	Tpos:81.2,Tstd:44.1,Bpos:134.4,Bstd:79.7,StrandBias:5.4,Multiplicity:1.60
0.133	0.082	0.418	0.367
0.150	0.001	0.464	0.385
0.041	0.041	0.644	0.274
0.133	0.082	0.735	0.050
0.123	0.133	0.460	0.283
0.041	0.001	0.314	0.644
0.184	0.001	0.501	0.314
0.366	0.001	0.183	0.450
0.174	0.001	0.569	0.256
0.041	0.001	0.796	0.162
0.001	0.001	0.916	0.082
0.042	0.041	0.085	0.832
0.082	0.133	0.367	0.418
0.365	0.001	0.201	0.433
0.001	0.001	0.859	0.139
>GTTTTTTTTTAAAAA	5-GTTTTTTTTTAAAAA	12.950827	-15.442029	0	T:4.0(36.36%),B:0.0(0.00%),P:1e-6	Tpos:105.7,Tstd:57.5,Bpos:0.0,Bstd:0.0,StrandBias:-1.0,Multiplicity:1.50
0.214	0.001	0.756	0.029
0.028	0.001	0.001	0.970
0.001	0.001	0.001	0.997
0.001	0.106	0.001	0.892
0.242	0.001	0.001	0.756
0.001	0.001	0.001	0.997
0.001	0.001	0.001	0.997
0.001	0.001	0.001	0.997
0.001	0.001	0.001	0.997
0.001	0.001	0.001	0.997
0.892	0.106	0.001	0.001
0.892	0.001	0.001	0.106
0.892	0.001	0.001	0.106
0.997	0.001	0.001	0.001
0.892	0.001	0.001	0.106
>TTCATTTTTTTTGGA	6-TTCATTTTTTTTGGA	12.411470	-15.442029	0	T:4.0(36.36%),B:0.0(0.00%),P:1e-6	Tpos:115.9,Tstd:51.6,Bpos:0.0,Bstd:0.0,StrandBias:10.0,Multiplicity:1.75
0.001	0.001	0.001	0.997
0.001	0.001	0.001	0.997
0.001	0.874	0.001	0.124
0.997	0.001	0.001	0.001
0.001	0.001	0.001	0.997
0.001	0.001	0.001	0.997
0.001	0.001	0.001	0.997
0.001	0.001	0.001	0.997
0.001	0.001	0.001	0.997
0.124	0.001	0.001	0.874
0.001	0.001	0.001	0.997
0.001	0.001	0.001	0.997
0.124	0.001	0.874	0.001
0.001	0.001	0.874	0.124
0.997	0.001	0.001	0.001
>TGTGTGTGGGTGTGG	7-TGTGTGTGGGTGTGG	19.870777	-6.629127	0	T:2.0(18.18%),B:0.0(0.00%),P:1e-2	Tpos:67.5,Tstd:15.9,Bpos:0.0,Bstd:0.0,StrandBias:10.0,Multiplicity:2.00
0.001	0.001	0.414	0.584
0.001	0.001	0.997	0.001
0.001	0.001	0.291	0.707
0.001	0.001	0.997	0.001
0.001	0.001	0.001	0.997
0.001	0.001	0.997	0.001
0.001	0.001	0.001	0.997
0.001	0.001	0.997	0.001
0.001	0.001	0.997	0.001
0.001	0.001	0.997	0.001
0.001	0.001	0.001	0.997
0.001	0.001	0.997	0.001
0.001	0.001	0.001	0.997
0.001	0.001	0.997	0.001
0.001	0.001	0.997	0.001
