>TTGATCATGG	1-TTGATCATGG	7.985615	-25.705628	0	T:6.0(54.55%),B:0.0(0.00%),P:1e-11	Tpos:100.9,Tstd:44.7,Bpos:0.0,Bstd:0.0,StrandBias:10.0,Multiplicity:1.17
0.001	0.001	0.001	0.997
0.001	0.001	0.001	0.997
0.001	0.242	0.756	0.001
0.997	0.001	0.001	0.001
0.001	0.001	0.001	0.997
0.001	0.942	0.056	0.001
0.997	0.001	0.001	0.001
0.001	0.001	0.242	0.756
0.001	0.001	0.997	0.001
0.128	0.001	0.870	0.001
>TTGGTCTGTA	2-TTGGTCTGTA	8.350283	-20.405880	0	T:5.0(45.45%),B:0.7(0.37%),P:1e-8	Tpos:83.6,Tstd:42.1,Bpos:142.6,Bstd:22.6,StrandBias:10.0,Multiplicity:1.00
0.100	0.100	0.100	0.700
0.100	0.100	0.100	0.700
0.100	0.100	0.700	0.100
0.100	0.100	0.700	0.100
0.100	0.100	0.100	0.700
0.100	0.700	0.100	0.100
0.100	0.100	0.100	0.700
0.100	0.100	0.700	0.100
0.100	0.100	0.100	0.700
0.700	0.100	0.100	0.100
>CTAGTTTTGA	3-CTAGTTTTGA	8.350283	-20.405880	0	T:5.0(45.45%),B:1.4(0.70%),P:1e-8	Tpos:137.8,Tstd:38.4,Bpos:169.3,Bstd:5.4,StrandBias:10.0,Multiplicity:1.00
0.100	0.700	0.100	0.100
0.100	0.100	0.100	0.700
0.700	0.100	0.100	0.100
0.100	0.100	0.700	0.100
0.100	0.100	0.100	0.700
0.100	0.100	0.100	0.700
0.100	0.100	0.100	0.700
0.100	0.100	0.100	0.700
0.100	0.100	0.700	0.100
0.700	0.100	0.100	0.100
>TTAATGTCCT	4-TTAATGTCCT	11.001271	-20.405880	0	T:5.0(45.45%),B:0.0(0.00%),P:1e-8	Tpos:107.0,Tstd:42.5,Bpos:0.0,Bstd:0.0,StrandBias:2.0,Multiplicity:1.00
0.242	0.001	0.001	0.756
0.001	0.001	0.001	0.997
0.997	0.001	0.001	0.001
0.756	0.001	0.242	0.001
0.001	0.001	0.001	0.997
0.001	0.001	0.997	0.001
0.001	0.001	0.001	0.997
0.001	0.997	0.001	0.001
0.001	0.997	0.001	0.001
0.001	0.001	0.001	0.997
>TTAGGGTGAT	5-TTAGGGTGAT	11.001271	-20.405880	0	T:5.0(45.45%),B:0.0(0.00%),P:1e-8	Tpos:131.4,Tstd:42.0,Bpos:0.0,Bstd:0.0,StrandBias:10.0,Multiplicity:1.00
0.001	0.001	0.001	0.997
0.001	0.242	0.001	0.756
0.997	0.001	0.001	0.001
0.001	0.001	0.997	0.001
0.001	0.001	0.997	0.001
0.001	0.001	0.997	0.001
0.001	0.001	0.001	0.997
0.242	0.001	0.756	0.001
0.997	0.001	0.001	0.001
0.001	0.001	0.001	0.997
>GGTTAGGGTT	6-GGTTAGGGTT	7.720295	-19.156934	0	T:6.0(54.55%),B:3.7(1.83%),P:1e-8	Tpos:45.9,Tstd:44.7,Bpos:73.4,Bstd:27.5,StrandBias:10.0,Multiplicity:2.67
0.001	0.001	0.881	0.117
0.118	0.133	0.473	0.276
0.059	0.001	0.059	0.881
0.276	0.001	0.192	0.531
0.448	0.001	0.276	0.276
0.192	0.001	0.531	0.276
0.001	0.001	0.940	0.058
0.118	0.059	0.764	0.059
0.059	0.001	0.007	0.933
0.216	0.001	0.120	0.663
>ATTATTTTTA	7-ATTATTTTTA	7.579490	-12.697426	0	T:4.0(36.36%),B:2.9(1.45%),P:1e-5	Tpos:97.3,Tstd:65.0,Bpos:17.6,Bstd:10.9,StrandBias:0.4,Multiplicity:1.75
0.997	0.001	0.001	0.001
0.001	0.001	0.001	0.997
0.001	0.001	0.124	0.874
0.997	0.001	0.001	0.001
0.124	0.001	0.001	0.874
0.001	0.001	0.001	0.997
0.001	0.001	0.001	0.997
0.001	0.001	0.001	0.997
0.001	0.001	0.124	0.874
0.997	0.001	0.001	0.001
>AAWAAAAATR	8-AAWAAAAATR	11.147935	-12.697426	0	T:4.0(36.36%),B:2.3(1.12%),P:1e-5	Tpos:85.2,Tstd:41.0,Bpos:21.0,Bstd:0.0,StrandBias:-10.0,Multiplicity:1.00
0.836	0.001	0.001	0.162
0.836	0.001	0.001	0.162
0.458	0.163	0.001	0.378
0.997	0.001	0.001	0.001
0.997	0.001	0.001	0.001
0.997	0.001	0.001	0.001
0.997	0.001	0.001	0.001
0.997	0.001	0.001	0.001
0.001	0.163	0.163	0.673
0.378	0.163	0.295	0.163
>AAATATTAGC	9-AAATATTAGC	13.506421	-10.833850	0	T:3.0(27.27%),B:0.0(0.00%),P:1e-4	Tpos:47.3,Tstd:21.6,Bpos:0.0,Bstd:0.0,StrandBias:-10.0,Multiplicity:1.00
0.874	0.001	0.001	0.124
0.997	0.001	0.001	0.001
0.997	0.001	0.001	0.001
0.001	0.001	0.001	0.997
0.997	0.001	0.001	0.001
0.001	0.001	0.001	0.997
0.001	0.001	0.001	0.997
0.874	0.001	0.001	0.124
0.001	0.001	0.997	0.001
0.001	0.936	0.062	0.001
>GGAATTATCT	10-GGAATTATCT	8.350283	-8.784347	0	T:3.0(27.27%),B:2.2(1.10%),P:1e-3	Tpos:126.0,Tstd:57.2,Bpos:124.2,Bstd:27.3,StrandBias:10.0,Multiplicity:1.33
0.100	0.100	0.700	0.100
0.100	0.100	0.700	0.100
0.700	0.100	0.100	0.100
0.700	0.100	0.100	0.100
0.100	0.100	0.100	0.700
0.100	0.100	0.100	0.700
0.700	0.100	0.100	0.100
0.100	0.100	0.100	0.700
0.100	0.700	0.100	0.100
0.100	0.100	0.100	0.700
>GTGTGGGTGT	11-GTGTGGGTGT	10.296193	-6.629127	0	T:2.0(18.18%),B:0.0(0.00%),P:1e-2	Tpos:91.4,Tstd:27.5,Bpos:0.0,Bstd:0.0,StrandBias:10.0,Multiplicity:9.00
0.100	0.100	0.700	0.100
0.100	0.100	0.100	0.700
0.100	0.100	0.700	0.100
0.100	0.100	0.100	0.700
0.100	0.100	0.700	0.100
0.100	0.100	0.700	0.100
0.100	0.100	0.700	0.100
0.100	0.100	0.100	0.700
0.100	0.100	0.700	0.100
0.100	0.100	0.100	0.700
>TGGTDTCCCCCT	1-TGGTDTCCCCCT	8.812335	-25.705628	0	T:6.0(54.55%),B:0.0(0.00%),P:1e-11	Tpos:92.1,Tstd:53.4,Bpos:0.0,Bstd:0.0,StrandBias:0.4,Multiplicity:1.17
0.001	0.309	0.029	0.661
0.397	0.001	0.601	0.001
0.001	0.001	0.997	0.001
0.001	0.330	0.008	0.661
0.330	0.001	0.310	0.360
0.001	0.329	0.001	0.669
0.309	0.603	0.001	0.087
0.310	0.603	0.058	0.029
0.001	0.902	0.001	0.096
0.029	0.602	0.038	0.331
0.001	0.969	0.001	0.029
0.001	0.001	0.001	0.997
>CAKTRYRMWGCT	2-CAKTRYRMWGCT	11.238931	-25.705628	0	T:6.0(54.55%),B:0.2(0.10%),P:1e-11	Tpos:91.1,Tstd:47.3,Bpos:33.0,Bstd:0.0,StrandBias:0.0,Multiplicity:1.33
0.001	0.997	0.001	0.001
0.997	0.001	0.001	0.001
0.001	0.001	0.568	0.430
0.001	0.001	0.137	0.861
0.430	0.001	0.568	0.001
0.001	0.430	0.001	0.568
0.568	0.001	0.430	0.001
0.568	0.430	0.001	0.001
0.430	0.001	0.001	0.568
0.001	0.001	0.997	0.001
0.001	0.997	0.001	0.001
0.001	0.001	0.001	0.997
>GGGKTWWGGKTW	3-GGGKTWWGGKTW	7.476013	-21.568193	0	T:6.0(54.55%),B:2.0(1.00%),P:1e-9	Tpos:45.2,Tstd:40.6,Bpos:149.5,Bstd:15.1,StrandBias:10.0,Multiplicity:1.50
0.191	0.105	0.512	0.192
0.029	0.057	0.752	0.162
0.094	0.121	0.695	0.090
0.062	0.002	0.504	0.432
0.057	0.001	0.150	0.792
0.411	0.003	0.146	0.441
0.376	0.001	0.206	0.417
0.087	0.001	0.610	0.302
0.057	0.001	0.883	0.059
0.029	0.162	0.377	0.432
0.192	0.057	0.058	0.693
0.341	0.093	0.192	0.373
>TTTTAAAAATAA	4-TTTTAAAAATAA	9.318386	-21.568193	0	T:6.0(54.55%),B:2.9(1.44%),P:1e-9	Tpos:76.6,Tstd:49.8,Bpos:69.9,Bstd:35.2,StrandBias:-0.2,Multiplicity:2.17
0.001	0.001	0.001	0.997
0.379	0.001	0.001	0.619
0.379	0.001	0.001	0.619
0.001	0.001	0.379	0.619
0.895	0.001	0.001	0.103
0.997	0.001	0.001	0.001
0.895	0.103	0.001	0.001
0.997	0.001	0.001	0.001
0.997	0.001	0.001	0.001
0.217	0.001	0.001	0.781
0.619	0.001	0.379	0.001
0.997	0.001	0.001	0.001
>ARTATTBGTCTK	5-ARTATTBGTCTK	9.339681	-20.405880	0	T:5.0(45.45%),B:0.6(0.29%),P:1e-8	Tpos:100.6,Tstd:53.5,Bpos:74.7,Bstd:3.2,StrandBias:10.0,Multiplicity:2.60
0.852	0.001	0.146	0.001
0.475	0.001	0.523	0.001
0.001	0.146	0.146	0.707
0.997	0.001	0.001	0.001
0.001	0.001	0.001	0.997
0.001	0.001	0.001	0.997
0.001	0.329	0.340	0.329
0.001	0.329	0.669	0.001
0.001	0.001	0.329	0.669
0.001	0.852	0.146	0.001
0.001	0.001	0.001	0.997
0.001	0.001	0.523	0.475
>ATGATCAAGTGG	6-ATGATCAAGTGG	2.149895	-16.135301	0	T:6.0(54.55%),B:5.6(2.78%),P:1e-7	Tpos:75.2,Tstd:47.2,Bpos:85.6,Bstd:45.0,StrandBias:0.8,Multiplicity:1.50
0.965	0.017	0.001	0.017
0.001	0.001	0.001	0.997
0.001	0.001	0.997	0.001
0.772	0.001	0.001	0.226
0.001	0.001	0.001	0.997
0.105	0.877	0.001	0.017
0.997	0.001	0.001	0.001
0.757	0.001	0.104	0.138
0.001	0.209	0.789	0.001
0.105	0.001	0.017	0.877
0.001	0.001	0.894	0.104
0.001	0.001	0.997	0.001
>GTGTGGGTGTGG	7-GTGTGGGTGTGG	12.355432	-6.629127	0	T:2.0(18.18%),B:0.0(0.00%),P:1e-2	Tpos:96.0,Tstd:25.2,Bpos:0.0,Bstd:0.0,StrandBias:10.0,Multiplicity:7.00
0.100	0.100	0.700	0.100
0.100	0.100	0.100	0.700
0.100	0.100	0.700	0.100
0.100	0.100	0.100	0.700
0.100	0.100	0.700	0.100
0.100	0.100	0.700	0.100
0.100	0.100	0.700	0.100
0.100	0.100	0.100	0.700
0.100	0.100	0.700	0.100
0.100	0.100	0.100	0.700
0.100	0.100	0.700	0.100
0.100	0.100	0.700	0.100
>TTTGATATCWGTGTW	1-TTTGATATCWGTGTW	8.659762	-43.731386	0	T:9.0(81.82%),B:1.3(0.67%),P:1e-18	Tpos:103.8,Tstd:45.5,Bpos:147.5,Bstd:19.3,StrandBias:1.4,Multiplicity:1.22
0.001	0.001	0.001	0.997
0.001	0.231	0.231	0.537
0.001	0.231	0.001	0.767
0.001	0.231	0.537	0.231
0.478	0.001	0.289	0.231
0.001	0.231	0.001	0.767
0.767	0.231	0.001	0.001
0.001	0.231	0.231	0.537
0.001	0.752	0.001	0.246
0.536	0.001	0.001	0.462
0.231	0.231	0.537	0.001
0.231	0.001	0.305	0.463
0.001	0.001	0.997	0.001
0.231	0.001	0.231	0.537
0.520	0.001	0.016	0.463
>GAGWATTKTTTTGCT	2-GAGWATTKTTTTGCT	10.161374	-31.341491	0	T:7.0(63.64%),B:0.0(0.00%),P:1e-13	Tpos:62.3,Tstd:50.8,Bpos:0.0,Bstd:0.0,StrandBias:3.0,Multiplicity:1.29
0.360	0.001	0.638	0.001
0.678	0.001	0.163	0.158
0.005	0.158	0.679	0.158
0.316	0.163	0.158	0.362
0.841	0.001	0.157	0.001
0.157	0.001	0.001	0.841
0.001	0.157	0.001	0.841
0.001	0.044	0.481	0.474
0.001	0.044	0.322	0.633
0.001	0.001	0.157	0.841
0.158	0.209	0.158	0.475
0.158	0.001	0.158	0.683
0.001	0.001	0.796	0.202
0.316	0.679	0.001	0.004
0.164	0.001	0.158	0.677
>TTTTCCTTGTCTGCG	3-TTTTCCTTGTCTGCG	9.658392	-31.341491	0	T:7.0(63.64%),B:0.0(0.00%),P:1e-13	Tpos:106.3,Tstd:33.7,Bpos:0.0,Bstd:0.0,StrandBias:1.3,Multiplicity:1.00
0.104	0.001	0.138	0.757
0.001	0.001	0.001	0.997
0.001	0.001	0.137	0.861
0.001	0.001	0.001	0.997
0.001	0.997	0.001	0.001
0.001	0.997	0.001	0.001
0.001	0.001	0.001	0.997
0.001	0.001	0.001	0.997
0.001	0.033	0.757	0.209
0.001	0.104	0.001	0.894
0.001	0.894	0.001	0.104
0.001	0.001	0.001	0.997
0.104	0.001	0.894	0.001
0.001	0.757	0.138	0.104
0.001	0.001	0.756	0.242
>KKGGGTGWGGGTKWG	4-KKGGGTGWGGGTKWG	7.260654	-15.538520	0	T:10.0(90.91%),B:34.6(17.14%),P:1e-6	Tpos:81.2,Tstd:44.1,Bpos:134.4,Bstd:79.7,StrandBias:5.4,Multiplicity:1.60
0.133	0.082	0.418	0.367
0.150	0.001	0.464	0.385
0.041	0.041	0.644	0.274
0.133	0.082	0.735	0.050
0.123	0.133	0.460	0.283
0.041	0.001	0.314	0.644
0.184	0.001	0.501	0.314
0.366	0.001	0.183	0.450
0.174	0.001	0.569	0.256
0.041	0.001	0.796	0.162
0.001	0.001	0.916	0.082
0.042	0.041	0.085	0.832
0.082	0.133	0.367	0.418
0.365	0.001	0.201	0.433
0.001	0.001	0.859	0.139
>GTTTTTTTTTAAAAA	5-GTTTTTTTTTAAAAA	12.950827	-15.442029	0	T:4.0(36.36%),B:0.0(0.00%),P:1e-6	Tpos:105.7,Tstd:57.5,Bpos:0.0,Bstd:0.0,StrandBias:-1.0,Multiplicity:1.50
0.214	0.001	0.756	0.029
0.028	0.001	0.001	0.970
0.001	0.001	0.001	0.997
0.001	0.106	0.001	0.892
0.242	0.001	0.001	0.756
0.001	0.001	0.001	0.997
0.001	0.001	0.001	0.997
0.001	0.001	0.001	0.997
0.001	0.001	0.001	0.997
0.001	0.001	0.001	0.997
0.892	0.106	0.001	0.001
0.892	0.001	0.001	0.106
0.892	0.001	0.001	0.106
0.997	0.001	0.001	0.001
0.892	0.001	0.001	0.106
>TTCATTTTTTTTGGA	6-TTCATTTTTTTTGGA	12.411470	-15.442029	0	T:4.0(36.36%),B:0.0(0.00%),P:1e-6	Tpos:115.9,Tstd:51.6,Bpos:0.0,Bstd:0.0,StrandBias:10.0,Multiplicity:1.75
0.001	0.001	0.001	0.997
0.001	0.001	0.001	0.997
0.001	0.874	0.001	0.124
0.997	0.001	0.001	0.001
0.001	0.001	0.001	0.997
0.001	0.001	0.001	0.997
0.001	0.001	0.001	0.997
0.001	0.001	0.001	0.997
0.001	0.001	0.001	0.997
0.124	0.001	0.001	0.874
0.001	0.001	0.001	0.997
0.001	0.001	0.001	0.997
0.124	0.001	0.874	0.001
0.001	0.001	0.874	0.124
0.997	0.001	0.001	0.001
>TGTGTGTGGGTGTGG	7-TGTGTGTGGGTGTGG	19.870777	-6.629127	0	T:2.0(18.18%),B:0.0(0.00%),P:1e-2	Tpos:67.5,Tstd:15.9,Bpos:0.0,Bstd:0.0,StrandBias:10.0,Multiplicity:2.00
0.001	0.001	0.414	0.584
0.001	0.001	0.997	0.001
0.001	0.001	0.291	0.707
0.001	0.001	0.997	0.001
0.001	0.001	0.001	0.997
0.001	0.001	0.997	0.001
0.001	0.001	0.001	0.997
0.001	0.001	0.997	0.001
0.001	0.001	0.997	0.001
0.001	0.001	0.997	0.001
0.001	0.001	0.001	0.997
0.001	0.001	0.997	0.001
0.001	0.001	0.001	0.997
0.001	0.001	0.997	0.001
0.001	0.001	0.997	0.001
>AAAACCAG	1-AAAACCAG	7.847734	-20.405880	0	T:5.0(45.45%),B:0.8(0.41%),P:1e-8	Tpos:125.7,Tstd:44.7,Bpos:86.4,Bstd:24.7,StrandBias:-10.0,Multiplicity:1.80
0.577	0.141	0.141	0.141
0.858	0.001	0.001	0.140
0.717	0.281	0.001	0.001
0.713	0.001	0.285	0.001
0.144	0.745	0.001	0.110
0.140	0.855	0.001	0.004
0.997	0.001	0.001	0.001
0.141	0.110	0.608	0.141
>CTGATACC	2-CTGATACC	6.482876	-20.405880	0	T:5.0(45.45%),B:1.5(0.75%),P:1e-8	Tpos:136.7,Tstd:42.6,Bpos:93.8,Bstd:38.2,StrandBias:-10.0,Multiplicity:1.40
0.056	0.942	0.001	0.001
0.001	0.007	0.001	0.991
0.264	0.001	0.734	0.001
0.942	0.001	0.001	0.056
0.001	0.200	0.001	0.798
0.992	0.006	0.001	0.001
0.001	0.940	0.001	0.058
0.001	0.936	0.001	0.062
>CAGACCAA	3-CAGACCAA	10.151891	-20.405880	0	T:5.0(45.45%),B:0.9(0.43%),P:1e-8	Tpos:81.6,Tstd:42.1,Bpos:142.8,Bstd:19.0,StrandBias:-10.0,Multiplicity:1.00
0.001	0.997	0.001	0.001
0.997	0.001	0.001	0.001
0.001	0.001	0.997	0.001
0.615	0.383	0.001	0.001
0.117	0.881	0.001	0.001
0.265	0.733	0.001	0.001
0.997	0.001	0.001	0.001
0.997	0.001	0.001	0.001
>GGTTAGGG	4-GGTTAGGG	8.615914	-15.442029	0	T:4.0(36.36%),B:0.0(0.00%),P:1e-6	Tpos:38.5,Tstd:46.5,Bpos:0.0,Bstd:0.0,StrandBias:10.0,Multiplicity:3.50
0.001	0.001	0.997	0.001
0.001	0.001	0.997	0.001
0.001	0.001	0.001	0.997
0.001	0.001	0.001	0.997
0.997	0.001	0.001	0.001
0.001	0.001	0.997	0.001
0.001	0.001	0.997	0.001
0.001	0.001	0.912	0.086
>AGAAGGAC	5-AGAAGGAC	8.236954	-15.442029	0	T:4.0(36.36%),B:0.5(0.23%),P:1e-6	Tpos:99.2,Tstd:41.0,Bpos:180.0,Bstd:0.0,StrandBias:-10.0,Multiplicity:1.00
0.700	0.100	0.100	0.100
0.100	0.100	0.700	0.100
0.700	0.100	0.100	0.100
0.700	0.100	0.100	0.100
0.100	0.100	0.700	0.100
0.100	0.100	0.700	0.100
0.700	0.100	0.100	0.100
0.100	0.700	0.100	0.100
>AATAAATT	6-AATAAATT	8.236954	-15.442029	0	T:4.0(36.36%),B:0.7(0.34%),P:1e-6	Tpos:80.2,Tstd:41.0,Bpos:55.0,Bstd:0.0,StrandBias:-10.0,Multiplicity:1.00
0.700	0.100	0.100	0.100
0.700	0.100	0.100	0.100
0.100	0.100	0.100	0.700
0.700	0.100	0.100	0.100
0.700	0.100	0.100	0.100
0.700	0.100	0.100	0.100
0.100	0.100	0.100	0.700
0.100	0.100	0.100	0.700
>GTTCATCA	7-GTTCATCA	8.236954	-12.697426	0	T:4.0(36.36%),B:2.4(1.20%),P:1e-5	Tpos:87.0,Tstd:23.0,Bpos:188.0,Bstd:0.0,StrandBias:10.0,Multiplicity:1.00
0.100	0.100	0.700	0.100
0.100	0.100	0.100	0.700
0.100	0.100	0.100	0.700
0.100	0.700	0.100	0.100
0.700	0.100	0.100	0.100
0.100	0.100	0.100	0.700
0.100	0.700	0.100	0.100
0.700	0.100	0.100	0.100
>TTATTATA	8-TTATTATA	8.236954	-12.697426	0	T:4.0(36.36%),B:3.0(1.47%),P:1e-5	Tpos:90.2,Tstd:41.0,Bpos:80.7,Bstd:21.0,StrandBias:10.0,Multiplicity:1.00
0.100	0.100	0.100	0.700
0.100	0.100	0.100	0.700
0.700	0.100	0.100	0.100
0.100	0.100	0.100	0.700
0.100	0.100	0.100	0.700
0.700	0.100	0.100	0.100
0.100	0.100	0.100	0.700
0.700	0.100	0.100	0.100
>CTTYCAAA	9-CTTYCAAA	8.772441	-12.459262	0	T:5.0(45.45%),B:5.4(2.66%),P:1e-5	Tpos:132.2,Tstd:55.6,Bpos:124.3,Bstd:52.8,StrandBias:-3.0,Multiplicity:1.80
0.001	0.997	0.001	0.001
0.001	0.001	0.001	0.997
0.001	0.001	0.001	0.997
0.001	0.521	0.001	0.477
0.001	0.997	0.001	0.001
0.738	0.260	0.001	0.001
0.997	0.001	0.001	0.001
0.738	0.001	0.260	0.001
>AAAAATGA	10-AAAAATGA	8.236954	-9.981059	0	T:4.0(36.36%),B:4.9(2.45%),P:1e-4	Tpos:145.4,Tstd:39.1,Bpos:157.3,Bstd:73.7,StrandBias:0.4,Multiplicity:1.75
0.700	0.100	0.100	0.100
0.700	0.100	0.100	0.100
0.700	0.100	0.100	0.100
0.700	0.100	0.100	0.100
0.700	0.100	0.100	0.100
0.100	0.100	0.100	0.700
0.100	0.100	0.700	0.100
0.700	0.100	0.100	0.100
>TTTTTGCT	11-TTTTTGCT	8.236954	-9.116720	0	T:4.0(36.36%),B:5.2(2.58%),P:1e-3	Tpos:70.0,Tstd:59.2,Bpos:165.9,Bstd:2.3,StrandBias:10.0,Multiplicity:1.00
0.100	0.100	0.100	0.700
0.100	0.100	0.100	0.700
0.100	0.100	0.100	0.700
0.100	0.100	0.100	0.700
0.100	0.100	0.100	0.700
0.100	0.100	0.700	0.100
0.100	0.700	0.100	0.100
0.100	0.100	0.100	0.700
>CMAAWWTT	12-CMAAWWTT	6.943744	-8.784347	0	T:3.0(27.27%),B:2.7(1.33%),P:1e-3	Tpos:44.3,Tstd:22.2,Bpos:90.6,Bstd:63.1,StrandBias:-10.0,Multiplicity:2.00
0.140	0.569	0.140	0.151
0.435	0.286	0.210	0.070
0.979	0.009	0.011	0.001
0.715	0.004	0.001	0.280
0.294	0.174	0.138	0.395
0.418	0.068	0.173	0.342
0.152	0.068	0.177	0.603
0.004	0.004	0.075	0.917
>CACCCACA	13-CACCCACA	8.236954	-5.272681	0	T:2.0(18.18%),B:2.3(1.12%),P:1e-2	Tpos:90.4,Tstd:27.5,Bpos:166.0,Bstd:0.0,StrandBias:-10.0,Multiplicity:9.00
0.100	0.700	0.100	0.100
0.700	0.100	0.100	0.100
0.100	0.700	0.100	0.100
0.100	0.700	0.100	0.100
0.100	0.700	0.100	0.100
0.700	0.100	0.100	0.100
0.100	0.700	0.100	0.100
0.700	0.100	0.100	0.100
