>TTTGATATCWGTGTW	1-TTTGATATCWGTGTW,BestGuess:PB0105.1_Arid3a_2/Jaspar(0.564)	8.659762	-43.731386	0	T:9.0(81.82%),B:1.3(0.67%),P:1e-18
0.001	0.001	0.001	0.997
0.001	0.231	0.231	0.537
0.001	0.231	0.001	0.767
0.001	0.231	0.537	0.231
0.478	0.001	0.289	0.231
0.001	0.231	0.001	0.767
0.767	0.231	0.001	0.001
0.001	0.231	0.231	0.537
0.001	0.752	0.001	0.246
0.536	0.001	0.001	0.462
0.231	0.231	0.537	0.001
0.231	0.001	0.305	0.463
0.001	0.001	0.997	0.001
0.231	0.001	0.231	0.537
0.520	0.001	0.016	0.463
>GAGWATTKTTTTGCT	2-GAGWATTKTTTTGCT,BestGuess:PB0121.1_Foxj3_2/Jaspar(0.655)	10.161374	-31.341491	0	T:7.0(63.64%),B:0.0(0.00%),P:1e-13
0.360	0.001	0.638	0.001
0.678	0.001	0.163	0.158
0.005	0.158	0.679	0.158
0.316	0.163	0.158	0.362
0.841	0.001	0.157	0.001
0.157	0.001	0.001	0.841
0.001	0.157	0.001	0.841
0.001	0.044	0.481	0.474
0.001	0.044	0.322	0.633
0.001	0.001	0.157	0.841
0.158	0.209	0.158	0.475
0.158	0.001	0.158	0.683
0.001	0.001	0.796	0.202
0.316	0.679	0.001	0.004
0.164	0.001	0.158	0.677
>TTTTCCTTGTCTGCG	3-TTTTCCTTGTCTGCG,BestGuess:Nfat5/MA0606.3/Jaspar(0.645)	9.658392	-31.341491	0	T:7.0(63.64%),B:0.0(0.00%),P:1e-13
0.104	0.001	0.138	0.757
0.001	0.001	0.001	0.997
0.001	0.001	0.137	0.861
0.001	0.001	0.001	0.997
0.001	0.997	0.001	0.001
0.001	0.997	0.001	0.001
0.001	0.001	0.001	0.997
0.001	0.001	0.001	0.997
0.001	0.033	0.757	0.209
0.001	0.104	0.001	0.894
0.001	0.894	0.001	0.104
0.001	0.001	0.001	0.997
0.104	0.001	0.894	0.001
0.001	0.757	0.138	0.104
0.001	0.001	0.756	0.242
>TTGATCATGG	1-TTGATCATGG,BestGuess:PH0016.1_Cux1_1/Jaspar(0.699)	7.985615	-25.705628	0	T:6.0(54.55%),B:0.0(0.00%),P:1e-11
0.001	0.001	0.001	0.997
0.001	0.001	0.001	0.997
0.001	0.242	0.756	0.001
0.997	0.001	0.001	0.001
0.001	0.001	0.001	0.997
0.001	0.942	0.056	0.001
0.997	0.001	0.001	0.001
0.001	0.001	0.242	0.756
0.001	0.001	0.997	0.001
0.128	0.001	0.870	0.001
>TGGTDTCCCCCT	1-TGGTDTCCCCCT,BestGuess:PB0156.1_Plagl1_2/Jaspar(0.621)	8.812335	-25.705628	0	T:6.0(54.55%),B:0.0(0.00%),P:1e-11
0.001	0.309	0.029	0.661
0.397	0.001	0.601	0.001
0.001	0.001	0.997	0.001
0.001	0.330	0.008	0.661
0.330	0.001	0.310	0.360
0.001	0.329	0.001	0.669
0.309	0.603	0.001	0.087
0.310	0.603	0.058	0.029
0.001	0.902	0.001	0.096
0.029	0.602	0.038	0.331
0.001	0.969	0.001	0.029
0.001	0.001	0.001	0.997
>CAKTRYRMWGCT	2-CAKTRYRMWGCT,BestGuess:POL010.1_DCE_S_III/Jaspar(0.598)	11.238931	-25.705628	0	T:6.0(54.55%),B:0.2(0.10%),P:1e-11
0.001	0.997	0.001	0.001
0.997	0.001	0.001	0.001
0.001	0.001	0.568	0.430
0.001	0.001	0.137	0.861
0.430	0.001	0.568	0.001
0.001	0.430	0.001	0.568
0.568	0.001	0.430	0.001
0.568	0.430	0.001	0.001
0.430	0.001	0.001	0.568
0.001	0.001	0.997	0.001
0.001	0.997	0.001	0.001
0.001	0.001	0.001	0.997
>GGGKTWWGGKTW	3-GGGKTWWGGKTW,BestGuess:EKLF(Zf)/Erythrocyte-Klf1-ChIP-Seq(GSE20478)/Homer(0.637)	7.476013	-21.568193	0	T:6.0(54.55%),B:2.0(1.00%),P:1e-9
0.191	0.105	0.512	0.192
0.029	0.057	0.752	0.162
0.094	0.121	0.695	0.090
0.062	0.002	0.504	0.432
0.057	0.001	0.150	0.792
0.411	0.003	0.146	0.441
0.376	0.001	0.206	0.417
0.087	0.001	0.610	0.302
0.057	0.001	0.883	0.059
0.029	0.162	0.377	0.432
0.192	0.057	0.058	0.693
0.341	0.093	0.192	0.373
>TTTTAAAAATAA	4-TTTTAAAAATAA,BestGuess:Hmga1/MA2124.1/Jaspar(0.785)	9.318386	-21.568193	0	T:6.0(54.55%),B:2.9(1.44%),P:1e-9
0.001	0.001	0.001	0.997
0.379	0.001	0.001	0.619
0.379	0.001	0.001	0.619
0.001	0.001	0.379	0.619
0.895	0.001	0.001	0.103
0.997	0.001	0.001	0.001
0.895	0.103	0.001	0.001
0.997	0.001	0.001	0.001
0.997	0.001	0.001	0.001
0.217	0.001	0.001	0.781
0.619	0.001	0.379	0.001
0.997	0.001	0.001	0.001
>TTGGTCTGTA	2-TTGGTCTGTA,BestGuess:Prdm14/MA1998.2/Jaspar(0.750)	8.350283	-20.405880	0	T:5.0(45.45%),B:0.7(0.37%),P:1e-8
0.100	0.100	0.100	0.700
0.100	0.100	0.100	0.700
0.100	0.100	0.700	0.100
0.100	0.100	0.700	0.100
0.100	0.100	0.100	0.700
0.100	0.700	0.100	0.100
0.100	0.100	0.100	0.700
0.100	0.100	0.700	0.100
0.100	0.100	0.100	0.700
0.700	0.100	0.100	0.100
>CTAGTTTTGA	3-CTAGTTTTGA,BestGuess:MEF2C/MA0497.2/Jaspar(0.687)	8.350283	-20.405880	0	T:5.0(45.45%),B:1.4(0.70%),P:1e-8
0.100	0.700	0.100	0.100
0.100	0.100	0.100	0.700
0.700	0.100	0.100	0.100
0.100	0.100	0.700	0.100
0.100	0.100	0.100	0.700
0.100	0.100	0.100	0.700
0.100	0.100	0.100	0.700
0.100	0.100	0.100	0.700
0.100	0.100	0.700	0.100
0.700	0.100	0.100	0.100
>TTAATGTCCT	4-TTAATGTCCT,BestGuess:PH0073.1_Hoxc9/Jaspar(0.732)	11.001271	-20.405880	0	T:5.0(45.45%),B:0.0(0.00%),P:1e-8
0.242	0.001	0.001	0.756
0.001	0.001	0.001	0.997
0.997	0.001	0.001	0.001
0.756	0.001	0.242	0.001
0.001	0.001	0.001	0.997
0.001	0.001	0.997	0.001
0.001	0.001	0.001	0.997
0.001	0.997	0.001	0.001
0.001	0.997	0.001	0.001
0.001	0.001	0.001	0.997
>TTAGGGTGAT	5-TTAGGGTGAT,BestGuess:PSE(SNAPc)/K562-mStart-Seq/Homer(0.699)	11.001271	-20.405880	0	T:5.0(45.45%),B:0.0(0.00%),P:1e-8
0.001	0.001	0.001	0.997
0.001	0.242	0.001	0.756
0.997	0.001	0.001	0.001
0.001	0.001	0.997	0.001
0.001	0.001	0.997	0.001
0.001	0.001	0.997	0.001
0.001	0.001	0.001	0.997
0.242	0.001	0.756	0.001
0.997	0.001	0.001	0.001
0.001	0.001	0.001	0.997
>CTGATACC	2-CTGATACC,BestGuess:Six3/MA0631.2/Jaspar(0.821)	6.482876	-20.405880	0	T:5.0(45.45%),B:1.5(0.75%),P:1e-8
0.056	0.942	0.001	0.001
0.001	0.007	0.001	0.991
0.264	0.001	0.734	0.001
0.942	0.001	0.001	0.056
0.001	0.200	0.001	0.798
0.992	0.006	0.001	0.001
0.001	0.940	0.001	0.058
0.001	0.936	0.001	0.062
>AGAAGGAC	5-AGAAGGAC,BestGuess:POL008.1_DCE_S_I/Jaspar(0.657)	8.236954	-15.442029	0	T:4.0(36.36%),B:0.5(0.23%),P:1e-6
0.700	0.100	0.100	0.100
0.100	0.100	0.700	0.100
0.700	0.100	0.100	0.100
0.700	0.100	0.100	0.100
0.100	0.100	0.700	0.100
0.100	0.100	0.700	0.100
0.700	0.100	0.100	0.100
0.100	0.700	0.100	0.100
>AATAAATT	6-AATAAATT,BestGuess:Pax7/MA0680.3/Jaspar(0.807)	8.236954	-15.442029	0	T:4.0(36.36%),B:0.7(0.34%),P:1e-6
0.700	0.100	0.100	0.100
0.700	0.100	0.100	0.100
0.100	0.100	0.100	0.700
0.700	0.100	0.100	0.100
0.700	0.100	0.100	0.100
0.700	0.100	0.100	0.100
0.100	0.100	0.100	0.700
0.100	0.100	0.100	0.700
>CTTYCAAA	9-CTTYCAAA,BestGuess:RBPJ/MA1116.2/Jaspar(0.712)	8.772441	-12.459262	0	T:5.0(45.45%),B:5.4(2.66%),P:1e-5
0.001	0.997	0.001	0.001
0.001	0.001	0.001	0.997
0.001	0.001	0.001	0.997
0.001	0.521	0.001	0.477
0.001	0.997	0.001	0.001
0.738	0.260	0.001	0.001
0.997	0.001	0.001	0.001
0.738	0.001	0.260	0.001
>AAATATTAGC	9-AAATATTAGC,BestGuess:PB0002.1_Arid5a_1/Jaspar(0.813)	13.506421	-10.833850	0	T:3.0(27.27%),B:0.0(0.00%),P:1e-4
0.874	0.001	0.001	0.124
0.997	0.001	0.001	0.001
0.997	0.001	0.001	0.001
0.001	0.001	0.001	0.997
0.997	0.001	0.001	0.001
0.001	0.001	0.001	0.997
0.001	0.001	0.001	0.997
0.874	0.001	0.001	0.124
0.001	0.001	0.997	0.001
0.001	0.936	0.062	0.001
>GGAATTATCT	10-GGAATTATCT,BestGuess:DPRX/MA1480.2/Jaspar(0.751)	8.350283	-8.784347	0	T:3.0(27.27%),B:2.2(1.10%),P:1e-3
0.100	0.100	0.700	0.100
0.100	0.100	0.700	0.100
0.700	0.100	0.100	0.100
0.700	0.100	0.100	0.100
0.100	0.100	0.100	0.700
0.100	0.100	0.100	0.700
0.700	0.100	0.100	0.100
0.100	0.100	0.100	0.700
0.100	0.700	0.100	0.100
0.100	0.100	0.100	0.700
>GTGTGGGTGT	11-GTGTGGGTGT,BestGuess:Egr1(Zf)/K562-Egr1-ChIP-Seq(GSE32465)/Homer(0.818)	10.296193	-6.629127	0	T:2.0(18.18%),B:0.0(0.00%),P:1e-2
0.100	0.100	0.700	0.100
0.100	0.100	0.100	0.700
0.100	0.100	0.700	0.100
0.100	0.100	0.100	0.700
0.100	0.100	0.700	0.100
0.100	0.100	0.700	0.100
0.100	0.100	0.700	0.100
0.100	0.100	0.100	0.700
0.100	0.100	0.700	0.100
0.100	0.100	0.100	0.700
