>CTCTTGCTTGCAGTA	1-CTCTTGCTTGCAGTA	2.679686	-33.288503	0	T:8.0(80.00%),B:0.0(0.00%),P:1e-14	Tpos:100.2,Tstd:47.1,Bpos:0.0,Bstd:0.0,StrandBias:0.0,Multiplicity:1.25
0.001	0.708	0.088	0.203
0.001	0.001	0.290	0.708
0.001	0.997	0.001	0.001
0.001	0.001	0.087	0.911
0.001	0.001	0.001	0.997
0.001	0.001	0.997	0.001
0.001	0.795	0.001	0.203
0.001	0.001	0.001	0.997
0.001	0.001	0.290	0.708
0.001	0.087	0.911	0.001
0.001	0.997	0.001	0.001
0.795	0.001	0.001	0.203
0.001	0.088	0.708	0.203
0.001	0.001	0.001	0.997
0.997	0.001	0.001	0.001
>HTSTVATGATGATVT	2-HTSTVATGATGATVT	6.851832	-22.854976	0	T:7.0(70.00%),B:2.9(2.77%),P:1e-9	Tpos:102.5,Tstd:50.3,Bpos:120.8,Bstd:12.5,StrandBias:1.2,Multiplicity:1.43
0.319	0.366	0.079	0.236
0.079	0.079	0.236	0.606
0.106	0.398	0.339	0.157
0.001	0.001	0.001	0.997
0.314	0.268	0.261	0.157
0.685	0.157	0.079	0.079
0.288	0.157	0.001	0.554
0.157	0.079	0.607	0.157
0.686	0.078	0.001	0.235
0.182	0.001	0.157	0.660
0.079	0.185	0.657	0.079
0.582	0.260	0.157	0.001
0.001	0.078	0.001	0.920
0.236	0.371	0.314	0.079
0.106	0.079	0.079	0.736
>TKTGTCAGGCTTTYC	3-TKTGTCAGGCTTTYC	9.719692	-22.494684	0	T:6.0(60.00%),B:0.3(0.26%),P:1e-9	Tpos:84.2,Tstd:54.9,Bpos:129.0,Bstd:0.0,StrandBias:1.8,Multiplicity:1.50
0.211	0.001	0.211	0.577
0.001	0.001	0.489	0.509
0.211	0.001	0.298	0.490
0.001	0.211	0.787	0.001
0.001	0.211	0.001	0.787
0.001	0.997	0.001	0.001
0.997	0.001	0.001	0.001
0.211	0.001	0.787	0.001
0.001	0.001	0.997	0.001
0.211	0.787	0.001	0.001
0.297	0.001	0.001	0.701
0.001	0.001	0.001	0.997
0.001	0.001	0.211	0.787
0.001	0.489	0.001	0.509
0.211	0.490	0.001	0.298
>ACTGCAGGGCCCTGT	4-ACTGCAGGGCCCTGT	7.466290	-13.238554	0	T:4.0(40.00%),B:0.0(0.00%),P:1e-5	Tpos:120.5,Tstd:55.3,Bpos:0.0,Bstd:0.0,StrandBias:2.8,Multiplicity:1.75
0.709	0.206	0.084	0.001
0.001	0.997	0.001	0.001
0.084	0.001	0.001	0.914
0.290	0.001	0.708	0.001
0.001	0.914	0.084	0.001
0.997	0.001	0.001	0.001
0.001	0.001	0.997	0.001
0.014	0.001	0.984	0.001
0.001	0.001	0.997	0.001
0.001	0.997	0.001	0.001
0.001	0.997	0.001	0.001
0.001	0.997	0.001	0.001
0.001	0.001	0.034	0.964
0.001	0.001	0.997	0.001
0.001	0.290	0.001	0.708
>CHGCCGSCAGCTGGS	5-CHGCCGSCAGCTGGS	13.105179	-9.167777	0	T:3.0(30.00%),B:0.0(0.00%),P:1e-3	Tpos:102.8,Tstd:42.6,Bpos:0.0,Bstd:0.0,StrandBias:-1.0,Multiplicity:1.33
0.156	0.789	0.001	0.054
0.220	0.312	0.156	0.312
0.001	0.155	0.843	0.001
0.001	0.798	0.156	0.045
0.156	0.513	0.001	0.330
0.001	0.001	0.997	0.001
0.001	0.531	0.467	0.001
0.001	0.997	0.001	0.001
0.531	0.001	0.156	0.312
0.001	0.001	0.997	0.001
0.001	0.997	0.001	0.001
0.220	0.001	0.156	0.623
0.156	0.001	0.687	0.156
0.001	0.156	0.687	0.156
0.001	0.486	0.512	0.001
