>CCACTATGCT	1-CCACTATGCT	7.823393	-27.681202	0	T:7.0(70.00%),B:1.3(1.28%),P:1e-12	Tpos:92.6,Tstd:53.0,Bpos:14.0,Bstd:0.0,StrandBias:0.4,Multiplicity:1.00
0.001	0.997	0.001	0.001
0.001	0.997	0.001	0.001
0.795	0.001	0.001	0.203
0.001	0.997	0.001	0.001
0.203	0.001	0.001	0.795
0.795	0.001	0.203	0.001
0.001	0.001	0.001	0.997
0.290	0.001	0.708	0.001
0.001	0.997	0.001	0.001
0.001	0.001	0.001	0.997
>TCAAGATYMY	2-TCAAGATYMY	7.379568	-24.534724	0	T:8.0(80.00%),B:3.4(3.26%),P:1e-10	Tpos:85.8,Tstd:51.2,Bpos:89.1,Bstd:42.6,StrandBias:0.8,Multiplicity:1.38
0.001	0.420	0.001	0.578
0.001	0.997	0.001	0.001
0.650	0.348	0.001	0.001
0.994	0.001	0.004	0.001
0.001	0.001	0.997	0.001
0.764	0.001	0.061	0.174
0.001	0.001	0.001	0.997
0.174	0.476	0.001	0.349
0.465	0.360	0.001	0.174
0.174	0.421	0.001	0.404
>TGTSWYAGRS	3-TGTSWYAGRS	10.157707	-22.494684	0	T:6.0(60.00%),B:0.0(0.00%),P:1e-9	Tpos:111.7,Tstd:48.2,Bpos:0.0,Bstd:0.0,StrandBias:0.0,Multiplicity:1.00
0.001	0.001	0.011	0.987
0.001	0.001	0.997	0.001
0.026	0.001	0.001	0.972
0.001	0.523	0.475	0.001
0.528	0.001	0.001	0.470
0.001	0.540	0.001	0.458
0.997	0.001	0.001	0.001
0.001	0.037	0.961	0.001
0.459	0.027	0.459	0.055
0.001	0.485	0.513	0.001
>BTGGVTGTDA	4-BTGGVTGTDA	9.272234	-22.494684	0	T:6.0(60.00%),B:0.4(0.39%),P:1e-9	Tpos:68.1,Tstd:44.1,Bpos:183.0,Bstd:0.0,StrandBias:10.0,Multiplicity:1.33
0.001	0.299	0.288	0.412
0.006	0.001	0.001	0.992
0.001	0.001	0.997	0.001
0.123	0.001	0.875	0.001
0.324	0.303	0.249	0.124
0.001	0.001	0.123	0.875
0.124	0.001	0.587	0.288
0.001	0.001	0.035	0.963
0.288	0.001	0.299	0.412
0.875	0.123	0.001	0.001
>GTCTRCAAGA	5-GTCTRCAAGA	7.575665	-22.494684	0	T:6.0(60.00%),B:0.9(0.87%),P:1e-9	Tpos:109.3,Tstd:63.5,Bpos:136.2,Bstd:23.9,StrandBias:0.6,Multiplicity:2.00
0.107	0.001	0.524	0.368
0.247	0.146	0.001	0.606
0.001	0.642	0.356	0.001
0.249	0.121	0.001	0.629
0.504	0.001	0.494	0.001
0.001	0.645	0.107	0.247
0.645	0.247	0.001	0.107
0.956	0.014	0.001	0.029
0.367	0.001	0.523	0.109
0.643	0.001	0.355	0.001
>GGGCCCGGCA	6-GGGCCCGGCA	10.479622	-17.684814	0	T:5.0(50.00%),B:1.4(1.33%),P:1e-7	Tpos:114.5,Tstd:61.6,Bpos:170.6,Bstd:16.0,StrandBias:10.0,Multiplicity:2.20
0.001	0.001	0.615	0.383
0.001	0.001	0.997	0.001
0.001	0.001	0.997	0.001
0.001	0.615	0.001	0.383
0.001	0.997	0.001	0.001
0.383	0.615	0.001	0.001
0.001	0.001	0.615	0.383
0.001	0.001	0.997	0.001
0.001	0.997	0.001	0.001
0.997	0.001	0.001	0.001
>AAAACAACAC	7-AAAACAACAC	5.994147	-17.684814	0	T:5.0(50.00%),B:1.9(1.87%),P:1e-7	Tpos:85.3,Tstd:51.8,Bpos:128.9,Bstd:51.0,StrandBias:3.6,Multiplicity:2.00
0.997	0.001	0.001	0.001
0.997	0.001	0.001	0.001
0.848	0.001	0.150	0.001
0.936	0.044	0.001	0.019
0.044	0.911	0.044	0.001
0.997	0.001	0.001	0.001
0.997	0.001	0.001	0.001
0.001	0.997	0.001	0.001
0.997	0.001	0.001	0.001
0.150	0.848	0.001	0.001
>CTGATYTGGC	8-CTGATYTGGC	9.867824	-17.684814	0	T:5.0(50.00%),B:0.0(0.00%),P:1e-7	Tpos:102.4,Tstd:49.1,Bpos:0.0,Bstd:0.0,StrandBias:0.4,Multiplicity:1.40
0.001	0.997	0.001	0.001
0.001	0.001	0.001	0.997
0.001	0.174	0.651	0.174
0.824	0.001	0.174	0.001
0.001	0.001	0.348	0.650
0.001	0.425	0.001	0.573
0.001	0.174	0.174	0.651
0.001	0.174	0.824	0.001
0.001	0.001	0.578	0.420
0.001	0.595	0.001	0.403
>SCGTGCTGSC	9-SCGTGCTGSC	8.313622	-13.238554	0	T:4.0(40.00%),B:1.6(1.52%),P:1e-5	Tpos:107.8,Tstd:62.8,Bpos:96.1,Bstd:27.2,StrandBias:0.0,Multiplicity:1.00
0.001	0.453	0.545	0.001
0.226	0.547	0.001	0.226
0.001	0.226	0.772	0.001
0.001	0.226	0.226	0.547
0.226	0.226	0.547	0.001
0.226	0.772	0.001	0.001
0.001	0.046	0.001	0.952
0.001	0.001	0.997	0.001
0.001	0.545	0.453	0.001
0.001	0.997	0.001	0.001
>CGCCTGCTGG	10-CGCCTGCTGG	13.553261	-9.167777	0	T:3.0(30.00%),B:0.0(0.00%),P:1e-3	Tpos:103.5,Tstd:43.5,Bpos:0.0,Bstd:0.0,StrandBias:-10.0,Multiplicity:1.33
0.001	0.935	0.001	0.063
0.001	0.001	0.997	0.001
0.001	0.997	0.001	0.001
0.001	0.997	0.001	0.001
0.096	0.001	0.001	0.902
0.001	0.001	0.997	0.001
0.001	0.997	0.001	0.001
0.096	0.001	0.001	0.902
0.001	0.001	0.997	0.001
0.001	0.001	0.982	0.016
