>TCAVCACTGTCA	1-TCAVCACTGTCA	9.785373	-33.288503	0	T:8.0(80.00%),B:0.0(0.00%),P:1e-14	Tpos:106.2,Tstd:43.9,Bpos:0.0,Bstd:0.0,StrandBias:0.0,Multiplicity:1.00
0.168	0.001	0.277	0.554
0.276	0.722	0.001	0.001
0.711	0.287	0.001	0.001
0.277	0.300	0.397	0.026
0.001	0.722	0.001	0.276
0.997	0.001	0.001	0.001
0.001	0.997	0.001	0.001
0.001	0.396	0.001	0.602
0.277	0.277	0.445	0.001
0.001	0.001	0.001	0.997
0.001	0.602	0.396	0.001
0.879	0.001	0.001	0.119
>TGTGTWGAMTST	2-TGTGTWGAMTST	10.715127	-27.681202	0	T:7.0(70.00%),B:0.0(0.00%),P:1e-12	Tpos:109.2,Tstd:56.0,Bpos:0.0,Bstd:0.0,StrandBias:10.0,Multiplicity:1.43
0.001	0.165	0.001	0.833
0.001	0.048	0.766	0.185
0.001	0.001	0.001	0.997
0.001	0.001	0.997	0.001
0.382	0.001	0.001	0.616
0.403	0.048	0.001	0.548
0.001	0.383	0.568	0.048
0.997	0.001	0.001	0.001
0.450	0.548	0.001	0.001
0.001	0.001	0.382	0.616
0.001	0.383	0.451	0.165
0.001	0.001	0.001	0.997
>GCCTGCATGCKG	3-GCCTGCATGCKG	10.190165	-17.684814	0	T:5.0(50.00%),B:0.0(0.00%),P:1e-7	Tpos:83.6,Tstd:48.0,Bpos:0.0,Bstd:0.0,StrandBias:0.4,Multiplicity:1.40
0.001	0.129	0.869	0.001
0.001	0.828	0.170	0.001
0.129	0.869	0.001	0.001
0.131	0.167	0.262	0.440
0.299	0.001	0.699	0.001
0.001	0.961	0.037	0.001
0.471	0.129	0.259	0.141
0.038	0.004	0.400	0.558
0.001	0.001	0.997	0.001
0.337	0.533	0.129	0.001
0.049	0.133	0.389	0.429
0.129	0.001	0.741	0.129
>AGAGGGCCCTGC	4-AGAGGGCCCTGC	10.409522	-13.238554	0	T:4.0(40.00%),B:0.0(0.00%),P:1e-5	Tpos:121.7,Tstd:55.9,Bpos:0.0,Bstd:0.0,StrandBias:10.0,Multiplicity:2.25
0.700	0.100	0.100	0.100
0.100	0.100	0.700	0.100
0.700	0.100	0.100	0.100
0.100	0.100	0.700	0.100
0.100	0.100	0.700	0.100
0.100	0.100	0.700	0.100
0.100	0.700	0.100	0.100
0.100	0.700	0.100	0.100
0.100	0.700	0.100	0.100
0.100	0.100	0.100	0.700
0.100	0.100	0.700	0.100
0.100	0.700	0.100	0.100
>TGTGTCAGGCTT	5-TGTGTCAGGCTT	10.917131	-13.238554	0	T:4.0(40.00%),B:0.0(0.00%),P:1e-5	Tpos:95.7,Tstd:55.8,Bpos:0.0,Bstd:0.0,StrandBias:10.0,Multiplicity:1.75
0.001	0.001	0.001	0.997
0.001	0.001	0.848	0.150
0.001	0.001	0.150	0.848
0.001	0.001	0.997	0.001
0.001	0.001	0.001	0.997
0.001	0.997	0.001	0.001
0.997	0.001	0.001	0.001
0.001	0.001	0.997	0.001
0.001	0.001	0.997	0.001
0.001	0.997	0.001	0.001
0.150	0.001	0.001	0.848
0.001	0.001	0.001	0.997
>GAARAMAACAMS	6-GAARAMAACAMS	7.354625	-13.238554	0	T:4.0(40.00%),B:1.7(1.59%),P:1e-5	Tpos:89.1,Tstd:52.2,Bpos:114.4,Bstd:27.4,StrandBias:10.0,Multiplicity:2.25
0.080	0.001	0.918	0.001
0.930	0.068	0.001	0.001
0.997	0.001	0.001	0.001
0.458	0.001	0.540	0.001
0.928	0.070	0.001	0.001
0.459	0.530	0.010	0.001
0.997	0.001	0.001	0.001
0.930	0.001	0.068	0.001
0.001	0.930	0.068	0.001
0.997	0.001	0.001	0.001
0.540	0.458	0.001	0.001
0.001	0.458	0.540	0.001
>CSTGCKGCCACT	7-CSTGCKGCCACT	9.495130	-7.139638	0	T:3.0(30.00%),B:2.7(2.60%),P:1e-3	Tpos:111.8,Tstd:42.9,Bpos:103.0,Bstd:0.0,StrandBias:1.0,Multiplicity:2.00
0.001	0.547	0.226	0.226
0.001	0.453	0.545	0.001
0.226	0.001	0.226	0.547
0.226	0.001	0.772	0.001
0.226	0.772	0.001	0.001
0.001	0.046	0.453	0.500
0.001	0.226	0.772	0.001
0.226	0.547	0.226	0.001
0.001	0.997	0.001	0.001
0.772	0.001	0.001	0.226
0.001	0.997	0.001	0.001
0.226	0.226	0.001	0.547
