>CCACTATGCT	1-CCACTATGCT	7.823393	-27.681202	0	T:7.0(70.00%),B:1.3(1.28%),P:1e-12	Tpos:92.6,Tstd:53.0,Bpos:14.0,Bstd:0.0,StrandBias:0.4,Multiplicity:1.00
0.001	0.997	0.001	0.001
0.001	0.997	0.001	0.001
0.795	0.001	0.001	0.203
0.001	0.997	0.001	0.001
0.203	0.001	0.001	0.795
0.795	0.001	0.203	0.001
0.001	0.001	0.001	0.997
0.290	0.001	0.708	0.001
0.001	0.997	0.001	0.001
0.001	0.001	0.001	0.997
>TCAAGATYMY	2-TCAAGATYMY	7.379568	-24.534724	0	T:8.0(80.00%),B:3.4(3.26%),P:1e-10	Tpos:85.8,Tstd:51.2,Bpos:89.1,Bstd:42.6,StrandBias:0.8,Multiplicity:1.38
0.001	0.420	0.001	0.578
0.001	0.997	0.001	0.001
0.650	0.348	0.001	0.001
0.994	0.001	0.004	0.001
0.001	0.001	0.997	0.001
0.764	0.001	0.061	0.174
0.001	0.001	0.001	0.997
0.174	0.476	0.001	0.349
0.465	0.360	0.001	0.174
0.174	0.421	0.001	0.404
>TGTSWYAGRS	3-TGTSWYAGRS	10.157707	-22.494684	0	T:6.0(60.00%),B:0.0(0.00%),P:1e-9	Tpos:111.7,Tstd:48.2,Bpos:0.0,Bstd:0.0,StrandBias:0.0,Multiplicity:1.00
0.001	0.001	0.011	0.987
0.001	0.001	0.997	0.001
0.026	0.001	0.001	0.972
0.001	0.523	0.475	0.001
0.528	0.001	0.001	0.470
0.001	0.540	0.001	0.458
0.997	0.001	0.001	0.001
0.001	0.037	0.961	0.001
0.459	0.027	0.459	0.055
0.001	0.485	0.513	0.001
>BTGGVTGTDA	4-BTGGVTGTDA	9.272234	-22.494684	0	T:6.0(60.00%),B:0.4(0.39%),P:1e-9	Tpos:68.1,Tstd:44.1,Bpos:183.0,Bstd:0.0,StrandBias:10.0,Multiplicity:1.33
0.001	0.299	0.288	0.412
0.006	0.001	0.001	0.992
0.001	0.001	0.997	0.001
0.123	0.001	0.875	0.001
0.324	0.303	0.249	0.124
0.001	0.001	0.123	0.875
0.124	0.001	0.587	0.288
0.001	0.001	0.035	0.963
0.288	0.001	0.299	0.412
0.875	0.123	0.001	0.001
>GTCTRCAAGA	5-GTCTRCAAGA	7.575665	-22.494684	0	T:6.0(60.00%),B:0.9(0.87%),P:1e-9	Tpos:109.3,Tstd:63.5,Bpos:136.2,Bstd:23.9,StrandBias:0.6,Multiplicity:2.00
0.107	0.001	0.524	0.368
0.247	0.146	0.001	0.606
0.001	0.642	0.356	0.001
0.249	0.121	0.001	0.629
0.504	0.001	0.494	0.001
0.001	0.645	0.107	0.247
0.645	0.247	0.001	0.107
0.956	0.014	0.001	0.029
0.367	0.001	0.523	0.109
0.643	0.001	0.355	0.001
>GGGCCCGGCA	6-GGGCCCGGCA	10.479622	-17.684814	0	T:5.0(50.00%),B:1.4(1.33%),P:1e-7	Tpos:114.5,Tstd:61.6,Bpos:170.6,Bstd:16.0,StrandBias:10.0,Multiplicity:2.20
0.001	0.001	0.615	0.383
0.001	0.001	0.997	0.001
0.001	0.001	0.997	0.001
0.001	0.615	0.001	0.383
0.001	0.997	0.001	0.001
0.383	0.615	0.001	0.001
0.001	0.001	0.615	0.383
0.001	0.001	0.997	0.001
0.001	0.997	0.001	0.001
0.997	0.001	0.001	0.001
>AAAACAACAC	7-AAAACAACAC	5.994147	-17.684814	0	T:5.0(50.00%),B:1.9(1.87%),P:1e-7	Tpos:85.3,Tstd:51.8,Bpos:128.9,Bstd:51.0,StrandBias:3.6,Multiplicity:2.00
0.997	0.001	0.001	0.001
0.997	0.001	0.001	0.001
0.848	0.001	0.150	0.001
0.936	0.044	0.001	0.019
0.044	0.911	0.044	0.001
0.997	0.001	0.001	0.001
0.997	0.001	0.001	0.001
0.001	0.997	0.001	0.001
0.997	0.001	0.001	0.001
0.150	0.848	0.001	0.001
>CTGATYTGGC	8-CTGATYTGGC	9.867824	-17.684814	0	T:5.0(50.00%),B:0.0(0.00%),P:1e-7	Tpos:102.4,Tstd:49.1,Bpos:0.0,Bstd:0.0,StrandBias:0.4,Multiplicity:1.40
0.001	0.997	0.001	0.001
0.001	0.001	0.001	0.997
0.001	0.174	0.651	0.174
0.824	0.001	0.174	0.001
0.001	0.001	0.348	0.650
0.001	0.425	0.001	0.573
0.001	0.174	0.174	0.651
0.001	0.174	0.824	0.001
0.001	0.001	0.578	0.420
0.001	0.595	0.001	0.403
>SCGTGCTGSC	9-SCGTGCTGSC	8.313622	-13.238554	0	T:4.0(40.00%),B:1.6(1.52%),P:1e-5	Tpos:107.8,Tstd:62.8,Bpos:96.1,Bstd:27.2,StrandBias:0.0,Multiplicity:1.00
0.001	0.453	0.545	0.001
0.226	0.547	0.001	0.226
0.001	0.226	0.772	0.001
0.001	0.226	0.226	0.547
0.226	0.226	0.547	0.001
0.226	0.772	0.001	0.001
0.001	0.046	0.001	0.952
0.001	0.001	0.997	0.001
0.001	0.545	0.453	0.001
0.001	0.997	0.001	0.001
>CGCCTGCTGG	10-CGCCTGCTGG	13.553261	-9.167777	0	T:3.0(30.00%),B:0.0(0.00%),P:1e-3	Tpos:103.5,Tstd:43.5,Bpos:0.0,Bstd:0.0,StrandBias:-10.0,Multiplicity:1.33
0.001	0.935	0.001	0.063
0.001	0.001	0.997	0.001
0.001	0.997	0.001	0.001
0.001	0.997	0.001	0.001
0.096	0.001	0.001	0.902
0.001	0.001	0.997	0.001
0.001	0.997	0.001	0.001
0.096	0.001	0.001	0.902
0.001	0.001	0.997	0.001
0.001	0.001	0.982	0.016
>TCAVCACTGTCA	1-TCAVCACTGTCA	9.785373	-33.288503	0	T:8.0(80.00%),B:0.0(0.00%),P:1e-14	Tpos:106.2,Tstd:43.9,Bpos:0.0,Bstd:0.0,StrandBias:0.0,Multiplicity:1.00
0.168	0.001	0.277	0.554
0.276	0.722	0.001	0.001
0.711	0.287	0.001	0.001
0.277	0.300	0.397	0.026
0.001	0.722	0.001	0.276
0.997	0.001	0.001	0.001
0.001	0.997	0.001	0.001
0.001	0.396	0.001	0.602
0.277	0.277	0.445	0.001
0.001	0.001	0.001	0.997
0.001	0.602	0.396	0.001
0.879	0.001	0.001	0.119
>TGTGTWGAMTST	2-TGTGTWGAMTST	10.715127	-27.681202	0	T:7.0(70.00%),B:0.0(0.00%),P:1e-12	Tpos:109.2,Tstd:56.0,Bpos:0.0,Bstd:0.0,StrandBias:10.0,Multiplicity:1.43
0.001	0.165	0.001	0.833
0.001	0.048	0.766	0.185
0.001	0.001	0.001	0.997
0.001	0.001	0.997	0.001
0.382	0.001	0.001	0.616
0.403	0.048	0.001	0.548
0.001	0.383	0.568	0.048
0.997	0.001	0.001	0.001
0.450	0.548	0.001	0.001
0.001	0.001	0.382	0.616
0.001	0.383	0.451	0.165
0.001	0.001	0.001	0.997
>GCCTGCATGCKG	3-GCCTGCATGCKG	10.190165	-17.684814	0	T:5.0(50.00%),B:0.0(0.00%),P:1e-7	Tpos:83.6,Tstd:48.0,Bpos:0.0,Bstd:0.0,StrandBias:0.4,Multiplicity:1.40
0.001	0.129	0.869	0.001
0.001	0.828	0.170	0.001
0.129	0.869	0.001	0.001
0.131	0.167	0.262	0.440
0.299	0.001	0.699	0.001
0.001	0.961	0.037	0.001
0.471	0.129	0.259	0.141
0.038	0.004	0.400	0.558
0.001	0.001	0.997	0.001
0.337	0.533	0.129	0.001
0.049	0.133	0.389	0.429
0.129	0.001	0.741	0.129
>AGAGGGCCCTGC	4-AGAGGGCCCTGC	10.409522	-13.238554	0	T:4.0(40.00%),B:0.0(0.00%),P:1e-5	Tpos:121.7,Tstd:55.9,Bpos:0.0,Bstd:0.0,StrandBias:10.0,Multiplicity:2.25
0.700	0.100	0.100	0.100
0.100	0.100	0.700	0.100
0.700	0.100	0.100	0.100
0.100	0.100	0.700	0.100
0.100	0.100	0.700	0.100
0.100	0.100	0.700	0.100
0.100	0.700	0.100	0.100
0.100	0.700	0.100	0.100
0.100	0.700	0.100	0.100
0.100	0.100	0.100	0.700
0.100	0.100	0.700	0.100
0.100	0.700	0.100	0.100
>TGTGTCAGGCTT	5-TGTGTCAGGCTT	10.917131	-13.238554	0	T:4.0(40.00%),B:0.0(0.00%),P:1e-5	Tpos:95.7,Tstd:55.8,Bpos:0.0,Bstd:0.0,StrandBias:10.0,Multiplicity:1.75
0.001	0.001	0.001	0.997
0.001	0.001	0.848	0.150
0.001	0.001	0.150	0.848
0.001	0.001	0.997	0.001
0.001	0.001	0.001	0.997
0.001	0.997	0.001	0.001
0.997	0.001	0.001	0.001
0.001	0.001	0.997	0.001
0.001	0.001	0.997	0.001
0.001	0.997	0.001	0.001
0.150	0.001	0.001	0.848
0.001	0.001	0.001	0.997
>GAARAMAACAMS	6-GAARAMAACAMS	7.354625	-13.238554	0	T:4.0(40.00%),B:1.7(1.59%),P:1e-5	Tpos:89.1,Tstd:52.2,Bpos:114.4,Bstd:27.4,StrandBias:10.0,Multiplicity:2.25
0.080	0.001	0.918	0.001
0.930	0.068	0.001	0.001
0.997	0.001	0.001	0.001
0.458	0.001	0.540	0.001
0.928	0.070	0.001	0.001
0.459	0.530	0.010	0.001
0.997	0.001	0.001	0.001
0.930	0.001	0.068	0.001
0.001	0.930	0.068	0.001
0.997	0.001	0.001	0.001
0.540	0.458	0.001	0.001
0.001	0.458	0.540	0.001
>CSTGCKGCCACT	7-CSTGCKGCCACT	9.495130	-7.139638	0	T:3.0(30.00%),B:2.7(2.60%),P:1e-3	Tpos:111.8,Tstd:42.9,Bpos:103.0,Bstd:0.0,StrandBias:1.0,Multiplicity:2.00
0.001	0.547	0.226	0.226
0.001	0.453	0.545	0.001
0.226	0.001	0.226	0.547
0.226	0.001	0.772	0.001
0.226	0.772	0.001	0.001
0.001	0.046	0.453	0.500
0.001	0.226	0.772	0.001
0.226	0.547	0.226	0.001
0.001	0.997	0.001	0.001
0.772	0.001	0.001	0.226
0.001	0.997	0.001	0.001
0.226	0.226	0.001	0.547
>CTCTTGCTTGCAGTA	1-CTCTTGCTTGCAGTA	2.679686	-33.288503	0	T:8.0(80.00%),B:0.0(0.00%),P:1e-14	Tpos:100.2,Tstd:47.1,Bpos:0.0,Bstd:0.0,StrandBias:0.0,Multiplicity:1.25
0.001	0.708	0.088	0.203
0.001	0.001	0.290	0.708
0.001	0.997	0.001	0.001
0.001	0.001	0.087	0.911
0.001	0.001	0.001	0.997
0.001	0.001	0.997	0.001
0.001	0.795	0.001	0.203
0.001	0.001	0.001	0.997
0.001	0.001	0.290	0.708
0.001	0.087	0.911	0.001
0.001	0.997	0.001	0.001
0.795	0.001	0.001	0.203
0.001	0.088	0.708	0.203
0.001	0.001	0.001	0.997
0.997	0.001	0.001	0.001
>HTSTVATGATGATVT	2-HTSTVATGATGATVT	6.851832	-22.854976	0	T:7.0(70.00%),B:2.9(2.77%),P:1e-9	Tpos:102.5,Tstd:50.3,Bpos:120.8,Bstd:12.5,StrandBias:1.2,Multiplicity:1.43
0.319	0.366	0.079	0.236
0.079	0.079	0.236	0.606
0.106	0.398	0.339	0.157
0.001	0.001	0.001	0.997
0.314	0.268	0.261	0.157
0.685	0.157	0.079	0.079
0.288	0.157	0.001	0.554
0.157	0.079	0.607	0.157
0.686	0.078	0.001	0.235
0.182	0.001	0.157	0.660
0.079	0.185	0.657	0.079
0.582	0.260	0.157	0.001
0.001	0.078	0.001	0.920
0.236	0.371	0.314	0.079
0.106	0.079	0.079	0.736
>TKTGTCAGGCTTTYC	3-TKTGTCAGGCTTTYC	9.719692	-22.494684	0	T:6.0(60.00%),B:0.3(0.26%),P:1e-9	Tpos:84.2,Tstd:54.9,Bpos:129.0,Bstd:0.0,StrandBias:1.8,Multiplicity:1.50
0.211	0.001	0.211	0.577
0.001	0.001	0.489	0.509
0.211	0.001	0.298	0.490
0.001	0.211	0.787	0.001
0.001	0.211	0.001	0.787
0.001	0.997	0.001	0.001
0.997	0.001	0.001	0.001
0.211	0.001	0.787	0.001
0.001	0.001	0.997	0.001
0.211	0.787	0.001	0.001
0.297	0.001	0.001	0.701
0.001	0.001	0.001	0.997
0.001	0.001	0.211	0.787
0.001	0.489	0.001	0.509
0.211	0.490	0.001	0.298
>ACTGCAGGGCCCTGT	4-ACTGCAGGGCCCTGT	7.466290	-13.238554	0	T:4.0(40.00%),B:0.0(0.00%),P:1e-5	Tpos:120.5,Tstd:55.3,Bpos:0.0,Bstd:0.0,StrandBias:2.8,Multiplicity:1.75
0.709	0.206	0.084	0.001
0.001	0.997	0.001	0.001
0.084	0.001	0.001	0.914
0.290	0.001	0.708	0.001
0.001	0.914	0.084	0.001
0.997	0.001	0.001	0.001
0.001	0.001	0.997	0.001
0.014	0.001	0.984	0.001
0.001	0.001	0.997	0.001
0.001	0.997	0.001	0.001
0.001	0.997	0.001	0.001
0.001	0.997	0.001	0.001
0.001	0.001	0.034	0.964
0.001	0.001	0.997	0.001
0.001	0.290	0.001	0.708
>CHGCCGSCAGCTGGS	5-CHGCCGSCAGCTGGS	13.105179	-9.167777	0	T:3.0(30.00%),B:0.0(0.00%),P:1e-3	Tpos:102.8,Tstd:42.6,Bpos:0.0,Bstd:0.0,StrandBias:-1.0,Multiplicity:1.33
0.156	0.789	0.001	0.054
0.220	0.312	0.156	0.312
0.001	0.155	0.843	0.001
0.001	0.798	0.156	0.045
0.156	0.513	0.001	0.330
0.001	0.001	0.997	0.001
0.001	0.531	0.467	0.001
0.001	0.997	0.001	0.001
0.531	0.001	0.156	0.312
0.001	0.001	0.997	0.001
0.001	0.997	0.001	0.001
0.220	0.001	0.156	0.623
0.156	0.001	0.687	0.156
0.001	0.156	0.687	0.156
0.001	0.486	0.512	0.001
>TGACAGTG	1-TGACAGTG	8.236954	-39.418752	0	T:9.0(90.00%),B:0.3(0.28%),P:1e-17	Tpos:96.7,Tstd:55.0,Bpos:150.0,Bstd:0.0,StrandBias:3.0,Multiplicity:1.00
0.100	0.100	0.100	0.700
0.100	0.100	0.700	0.100
0.700	0.100	0.100	0.100
0.100	0.700	0.100	0.100
0.700	0.100	0.100	0.100
0.100	0.100	0.700	0.100
0.100	0.100	0.100	0.700
0.100	0.100	0.700	0.100
>GATCTGTC	2-GATCTGTC	7.903431	-27.681202	0	T:7.0(70.00%),B:0.0(0.00%),P:1e-12	Tpos:111.1,Tstd:49.9,Bpos:0.0,Bstd:0.0,StrandBias:10.0,Multiplicity:1.00
0.001	0.001	0.997	0.001
0.997	0.001	0.001	0.001
0.001	0.001	0.001	0.997
0.001	0.708	0.001	0.290
0.001	0.001	0.145	0.853
0.001	0.001	0.997	0.001
0.001	0.001	0.001	0.997
0.001	0.997	0.001	0.001
>AATGTTAT	3-AATGTTAT	7.757857	-27.681202	0	T:7.0(70.00%),B:1.8(1.75%),P:1e-12	Tpos:108.0,Tstd:58.0,Bpos:89.7,Bstd:10.2,StrandBias:10.0,Multiplicity:1.00
0.507	0.148	0.344	0.001
0.850	0.148	0.001	0.001
0.001	0.001	0.001	0.997
0.148	0.001	0.703	0.148
0.148	0.001	0.001	0.850
0.148	0.148	0.001	0.703
0.850	0.001	0.148	0.001
0.343	0.001	0.001	0.655
>TCATCAAG	4-TCATCAAG	9.743433	-17.684814	0	T:5.0(50.00%),B:1.1(1.03%),P:1e-7	Tpos:69.8,Tstd:44.7,Bpos:98.0,Bstd:0.0,StrandBias:0.7,Multiplicity:1.60
0.001	0.001	0.001	0.997
0.001	0.997	0.001	0.001
0.997	0.001	0.001	0.001
0.001	0.001	0.001	0.997
0.001	0.913	0.085	0.001
0.997	0.001	0.001	0.001
0.708	0.001	0.001	0.290
0.001	0.001	0.997	0.001
>CCAAGRTC	5-CCAAGRTC	10.037030	-17.684814	0	T:5.0(50.00%),B:0.7(0.71%),P:1e-7	Tpos:72.8,Tstd:50.8,Bpos:124.0,Bstd:15.6,StrandBias:10.0,Multiplicity:1.00
0.001	0.997	0.001	0.001
0.001	0.997	0.001	0.001
0.997	0.001	0.001	0.001
0.767	0.001	0.231	0.001
0.001	0.001	0.997	0.001
0.463	0.001	0.535	0.001
0.001	0.001	0.001	0.997
0.001	0.997	0.001	0.001
>GCTTTCGA	6-GCTTTCGA	6.291044	-14.259970	0	T:5.0(50.00%),B:2.1(2.00%),P:1e-6	Tpos:109.0,Tstd:45.7,Bpos:26.0,Bstd:27.7,StrandBias:10.0,Multiplicity:1.00
0.100	0.100	0.700	0.100
0.100	0.700	0.100	0.100
0.100	0.100	0.100	0.700
0.100	0.100	0.100	0.700
0.100	0.100	0.100	0.700
0.100	0.700	0.100	0.100
0.100	0.100	0.700	0.100
0.700	0.100	0.100	0.100
>AGTGCCCG	7-AGTGCCCG	7.253870	-13.238554	0	T:4.0(40.00%),B:1.8(1.78%),P:1e-5	Tpos:121.3,Tstd:58.8,Bpos:32.1,Bstd:15.6,StrandBias:1.3,Multiplicity:2.50
0.824	0.001	0.174	0.001
0.001	0.001	0.997	0.001
0.175	0.175	0.246	0.404
0.001	0.001	0.997	0.001
0.001	0.595	0.001	0.403
0.174	0.824	0.001	0.001
0.001	0.997	0.001	0.001
0.174	0.001	0.606	0.219
>GGGCGTGC	8-GGGCGTGC	9.563241	-13.238554	0	T:4.0(40.00%),B:0.0(0.00%),P:1e-5	Tpos:97.0,Tstd:49.2,Bpos:0.0,Bstd:0.0,StrandBias:2.0,Multiplicity:1.25
0.001	0.332	0.666	0.001
0.001	0.001	0.997	0.001
0.001	0.001	0.997	0.001
0.001	0.666	0.332	0.001
0.001	0.001	0.997	0.001
0.001	0.001	0.001	0.997
0.001	0.001	0.997	0.001
0.001	0.997	0.001	0.001
>TTTTGTAG	9-TTTTGTAG	8.236954	-10.512999	0	T:4.0(40.00%),B:2.7(2.63%),P:1e-4	Tpos:111.5,Tstd:65.0,Bpos:127.7,Bstd:18.6,StrandBias:10.0,Multiplicity:1.00
0.100	0.100	0.100	0.700
0.100	0.100	0.100	0.700
0.100	0.100	0.100	0.700
0.100	0.100	0.100	0.700
0.100	0.100	0.700	0.100
0.100	0.100	0.100	0.700
0.700	0.100	0.100	0.100
0.100	0.100	0.700	0.100
>GCCAGCAG	10-GCCAGCAG	8.668775	-9.167777	0	T:3.0(30.00%),B:0.3(0.27%),P:1e-3	Tpos:125.0,Tstd:48.4,Bpos:174.0,Bstd:0.0,StrandBias:10.0,Multiplicity:2.33
0.001	0.001	0.997	0.001
0.001	0.839	0.107	0.053
0.053	0.688	0.001	0.258
0.482	0.001	0.258	0.258
0.123	0.001	0.875	0.001
0.053	0.823	0.123	0.001
0.688	0.001	0.053	0.258
0.300	0.053	0.646	0.001
>AGCTTGTT	11-AGCTTGTT	9.159780	-9.167777	0	T:3.0(30.00%),B:0.8(0.74%),P:1e-3	Tpos:96.6,Tstd:49.0,Bpos:93.0,Bstd:0.0,StrandBias:-10.0,Multiplicity:3.33
0.666	0.001	0.001	0.332
0.001	0.001	0.997	0.001
0.001	0.997	0.001	0.001
0.001	0.001	0.332	0.666
0.001	0.001	0.001	0.997
0.001	0.332	0.666	0.001
0.001	0.001	0.001	0.997
0.001	0.001	0.001	0.997
