>TGACAGTG	1-TGACAGTG,BestGuess:MEIS3/MA0775.2/Jaspar(0.828)	8.236954	-39.418752	0	T:9.0(90.00%),B:0.3(0.28%),P:1e-17
0.100	0.100	0.100	0.700
0.100	0.100	0.700	0.100
0.700	0.100	0.100	0.100
0.100	0.700	0.100	0.100
0.700	0.100	0.100	0.100
0.100	0.100	0.700	0.100
0.100	0.100	0.100	0.700
0.100	0.100	0.700	0.100
>CTCTTGCTTGCAGTA	1-CTCTTGCTTGCAGTA,BestGuess:Nanog/MA2339.1/Jaspar(0.565)	2.679686	-33.288503	0	T:8.0(80.00%),B:0.0(0.00%),P:1e-14
0.001	0.708	0.088	0.203
0.001	0.001	0.290	0.708
0.001	0.997	0.001	0.001
0.001	0.001	0.087	0.911
0.001	0.001	0.001	0.997
0.001	0.001	0.997	0.001
0.001	0.795	0.001	0.203
0.001	0.001	0.001	0.997
0.001	0.001	0.290	0.708
0.001	0.087	0.911	0.001
0.001	0.997	0.001	0.001
0.795	0.001	0.001	0.203
0.001	0.088	0.708	0.203
0.001	0.001	0.001	0.997
0.997	0.001	0.001	0.001
>CCACTATGCT	1-CCACTATGCT,BestGuess:ZNF143/MA0088.2/Jaspar(0.635)	7.823393	-27.681202	0	T:7.0(70.00%),B:1.3(1.28%),P:1e-12
0.001	0.997	0.001	0.001
0.001	0.997	0.001	0.001
0.795	0.001	0.001	0.203
0.001	0.997	0.001	0.001
0.203	0.001	0.001	0.795
0.795	0.001	0.203	0.001
0.001	0.001	0.001	0.997
0.290	0.001	0.708	0.001
0.001	0.997	0.001	0.001
0.001	0.001	0.001	0.997
>TGTGTWGAMTST	2-TGTGTWGAMTST,BestGuess:PB0016.1_Foxj1_1/Jaspar(0.669)	10.715127	-27.681202	0	T:7.0(70.00%),B:0.0(0.00%),P:1e-12
0.001	0.165	0.001	0.833
0.001	0.048	0.766	0.185
0.001	0.001	0.001	0.997
0.001	0.001	0.997	0.001
0.382	0.001	0.001	0.616
0.403	0.048	0.001	0.548
0.001	0.383	0.568	0.048
0.997	0.001	0.001	0.001
0.450	0.548	0.001	0.001
0.001	0.001	0.382	0.616
0.001	0.383	0.451	0.165
0.001	0.001	0.001	0.997
>GATCTGTC	2-GATCTGTC,BestGuess:PH0140.1_Pknox1/Jaspar(0.705)	7.903431	-27.681202	0	T:7.0(70.00%),B:0.0(0.00%),P:1e-12
0.001	0.001	0.997	0.001
0.997	0.001	0.001	0.001
0.001	0.001	0.001	0.997
0.001	0.708	0.001	0.290
0.001	0.001	0.145	0.853
0.001	0.001	0.997	0.001
0.001	0.001	0.001	0.997
0.001	0.997	0.001	0.001
>AATGTTAT	3-AATGTTAT,BestGuess:Arid5a/MA0602.2/Jaspar(0.714)	7.757857	-27.681202	0	T:7.0(70.00%),B:1.8(1.75%),P:1e-12
0.507	0.148	0.344	0.001
0.850	0.148	0.001	0.001
0.001	0.001	0.001	0.997
0.148	0.001	0.703	0.148
0.148	0.001	0.001	0.850
0.148	0.148	0.001	0.703
0.850	0.001	0.148	0.001
0.343	0.001	0.001	0.655
>TCAAGATYMY	2-TCAAGATYMY,BestGuess:ESRRB/MA0141.4/Jaspar(0.741)	7.379568	-24.534724	0	T:8.0(80.00%),B:3.4(3.26%),P:1e-10
0.001	0.420	0.001	0.578
0.001	0.997	0.001	0.001
0.650	0.348	0.001	0.001
0.994	0.001	0.004	0.001
0.001	0.001	0.997	0.001
0.764	0.001	0.061	0.174
0.001	0.001	0.001	0.997
0.174	0.476	0.001	0.349
0.465	0.360	0.001	0.174
0.174	0.421	0.001	0.404
>HTSTVATGATGATVT	2-HTSTVATGATGATVT,BestGuess:PH0017.1_Cux1_2/Jaspar(0.626)	6.851832	-22.854976	0	T:7.0(70.00%),B:2.9(2.77%),P:1e-9
0.319	0.366	0.079	0.236
0.079	0.079	0.236	0.606
0.106	0.398	0.339	0.157
0.001	0.001	0.001	0.997
0.314	0.268	0.261	0.157
0.685	0.157	0.079	0.079
0.288	0.157	0.001	0.554
0.157	0.079	0.607	0.157
0.686	0.078	0.001	0.235
0.182	0.001	0.157	0.660
0.079	0.185	0.657	0.079
0.582	0.260	0.157	0.001
0.001	0.078	0.001	0.920
0.236	0.371	0.314	0.079
0.106	0.079	0.079	0.736
>TGTSWYAGRS	3-TGTSWYAGRS,BestGuess:Tbox:Smad(T-box,MAD)/ESCd5-Smad2_3-ChIP-Seq(GSE29422)/Homer(0.666)	10.157707	-22.494684	0	T:6.0(60.00%),B:0.0(0.00%),P:1e-9
0.001	0.001	0.011	0.987
0.001	0.001	0.997	0.001
0.026	0.001	0.001	0.972
0.001	0.523	0.475	0.001
0.528	0.001	0.001	0.470
0.001	0.540	0.001	0.458
0.997	0.001	0.001	0.001
0.001	0.037	0.961	0.001
0.459	0.027	0.459	0.055
0.001	0.485	0.513	0.001
>BTGGVTGTDA	4-BTGGVTGTDA,BestGuess:ZNF354C/MA0130.1/Jaspar(0.640)	9.272234	-22.494684	0	T:6.0(60.00%),B:0.4(0.39%),P:1e-9
0.001	0.299	0.288	0.412
0.006	0.001	0.001	0.992
0.001	0.001	0.997	0.001
0.123	0.001	0.875	0.001
0.324	0.303	0.249	0.124
0.001	0.001	0.123	0.875
0.124	0.001	0.587	0.288
0.001	0.001	0.035	0.963
0.288	0.001	0.299	0.412
0.875	0.123	0.001	0.001
>GTCTRCAAGA	5-GTCTRCAAGA,BestGuess:CEBPD/MA0836.3/Jaspar(0.661)	7.575665	-22.494684	0	T:6.0(60.00%),B:0.9(0.87%),P:1e-9
0.107	0.001	0.524	0.368
0.247	0.146	0.001	0.606
0.001	0.642	0.356	0.001
0.249	0.121	0.001	0.629
0.504	0.001	0.494	0.001
0.001	0.645	0.107	0.247
0.645	0.247	0.001	0.107
0.956	0.014	0.001	0.029
0.367	0.001	0.523	0.109
0.643	0.001	0.355	0.001
>TKTGTCAGGCTTTYC	3-TKTGTCAGGCTTTYC,BestGuess:Zfp335/MA2002.2/Jaspar(0.674)	9.719692	-22.494684	0	T:6.0(60.00%),B:0.3(0.26%),P:1e-9
0.211	0.001	0.211	0.577
0.001	0.001	0.489	0.509
0.211	0.001	0.298	0.490
0.001	0.211	0.787	0.001
0.001	0.211	0.001	0.787
0.001	0.997	0.001	0.001
0.997	0.001	0.001	0.001
0.211	0.001	0.787	0.001
0.001	0.001	0.997	0.001
0.211	0.787	0.001	0.001
0.297	0.001	0.001	0.701
0.001	0.001	0.001	0.997
0.001	0.001	0.211	0.787
0.001	0.489	0.001	0.509
0.211	0.490	0.001	0.298
>GGGCCCGGCA	6-GGGCCCGGCA,BestGuess:ZNF331/MA1726.2/Jaspar(0.706)	10.479622	-17.684814	0	T:5.0(50.00%),B:1.4(1.33%),P:1e-7
0.001	0.001	0.615	0.383
0.001	0.001	0.997	0.001
0.001	0.001	0.997	0.001
0.001	0.615	0.001	0.383
0.001	0.997	0.001	0.001
0.383	0.615	0.001	0.001
0.001	0.001	0.615	0.383
0.001	0.001	0.997	0.001
0.001	0.997	0.001	0.001
0.997	0.001	0.001	0.001
>AAAACAACAC	7-AAAACAACAC,BestGuess:PB0122.1_Foxk1_2/Jaspar(0.794)	5.994147	-17.684814	0	T:5.0(50.00%),B:1.9(1.87%),P:1e-7
0.997	0.001	0.001	0.001
0.997	0.001	0.001	0.001
0.848	0.001	0.150	0.001
0.936	0.044	0.001	0.019
0.044	0.911	0.044	0.001
0.997	0.001	0.001	0.001
0.997	0.001	0.001	0.001
0.001	0.997	0.001	0.001
0.997	0.001	0.001	0.001
0.150	0.848	0.001	0.001
>GCCTGCATGCKG	3-GCCTGCATGCKG,BestGuess:TFAP2A/MA0810.2/Jaspar(0.624)	10.190165	-17.684814	0	T:5.0(50.00%),B:0.0(0.00%),P:1e-7
0.001	0.129	0.869	0.001
0.001	0.828	0.170	0.001
0.129	0.869	0.001	0.001
0.131	0.167	0.262	0.440
0.299	0.001	0.699	0.001
0.001	0.961	0.037	0.001
0.471	0.129	0.259	0.141
0.038	0.004	0.400	0.558
0.001	0.001	0.997	0.001
0.337	0.533	0.129	0.001
0.049	0.133	0.389	0.429
0.129	0.001	0.741	0.129
>TCATCAAG	4-TCATCAAG,BestGuess:NKX6-3/MA1530.2/Jaspar(0.701)	9.743433	-17.684814	0	T:5.0(50.00%),B:1.1(1.03%),P:1e-7
0.001	0.001	0.001	0.997
0.001	0.997	0.001	0.001
0.997	0.001	0.001	0.001
0.001	0.001	0.001	0.997
0.001	0.913	0.085	0.001
0.997	0.001	0.001	0.001
0.708	0.001	0.001	0.290
0.001	0.001	0.997	0.001
>GCTTTCGA	6-GCTTTCGA,BestGuess:BCL6/MA0463.3/Jaspar(0.767)	6.291044	-14.259970	0	T:5.0(50.00%),B:2.1(2.00%),P:1e-6
0.100	0.100	0.700	0.100
0.100	0.700	0.100	0.100
0.100	0.100	0.100	0.700
0.100	0.100	0.100	0.700
0.100	0.100	0.100	0.700
0.100	0.700	0.100	0.100
0.100	0.100	0.700	0.100
0.700	0.100	0.100	0.100
>SCGTGCTGSC	9-SCGTGCTGSC,BestGuess:ZNF549/MA1728.2/Jaspar(0.761)	8.313622	-13.238554	0	T:4.0(40.00%),B:1.6(1.52%),P:1e-5
0.001	0.453	0.545	0.001
0.226	0.547	0.001	0.226
0.001	0.226	0.772	0.001
0.001	0.226	0.226	0.547
0.226	0.226	0.547	0.001
0.226	0.772	0.001	0.001
0.001	0.046	0.001	0.952
0.001	0.001	0.997	0.001
0.001	0.545	0.453	0.001
0.001	0.997	0.001	0.001
>AGTGCCCG	7-AGTGCCCG,BestGuess:ZNF264(Zf)/HEK293-ZNF264.GFP-ChIP-Seq(GSE58341)/Homer(0.697)	7.253870	-13.238554	0	T:4.0(40.00%),B:1.8(1.78%),P:1e-5
0.824	0.001	0.174	0.001
0.001	0.001	0.997	0.001
0.175	0.175	0.246	0.404
0.001	0.001	0.997	0.001
0.001	0.595	0.001	0.403
0.174	0.824	0.001	0.001
0.001	0.997	0.001	0.001
0.174	0.001	0.606	0.219
>GGGCGTGC	8-GGGCGTGC,BestGuess:KLF6/MA1517.2/Jaspar(0.798)	9.563241	-13.238554	0	T:4.0(40.00%),B:0.0(0.00%),P:1e-5
0.001	0.332	0.666	0.001
0.001	0.001	0.997	0.001
0.001	0.001	0.997	0.001
0.001	0.666	0.332	0.001
0.001	0.001	0.997	0.001
0.001	0.001	0.001	0.997
0.001	0.001	0.997	0.001
0.001	0.997	0.001	0.001
>AGCTTGTT	11-AGCTTGTT,BestGuess:Nr2e3/MA0164.2/Jaspar(0.670)	9.159780	-9.167777	0	T:3.0(30.00%),B:0.8(0.74%),P:1e-3
0.666	0.001	0.001	0.332
0.001	0.001	0.997	0.001
0.001	0.997	0.001	0.001
0.001	0.001	0.332	0.666
0.001	0.001	0.001	0.997
0.001	0.332	0.666	0.001
0.001	0.001	0.001	0.997
0.001	0.001	0.001	0.997
